found 2966 points on arctic edge
 78.208    0.042    0   0   0
 78.208    0.125    0   0   0
 78.208    0.208    0   0   0
 78.208    0.292    0   0   0
 78.208    0.375    0   0   0
 78.208    0.458    0   0   0
 78.208    0.542    0   0   0
 78.208    0.625    0   0   0
 78.208    0.708    0   0   0
 78.208    0.792    0   0   0
 78.291    0.875    0   0   0
 78.291    0.958    0   0   0
 78.291    1.042    0   0   0
 78.125    1.125    0   0   0
 78.125    1.208    0   0   0
 78.125    1.292    0   0   0
 78.125    1.375    0   0   0
 78.208    1.458    0   0   0
 78.291    1.542    0   0   0
 78.375    1.625    0   0   0
 78.375    1.708    0   0   0
 78.375    1.792    0   0   0
 78.375    1.875    0   0   0
 78.458    1.958    0   0   0
 78.458    2.042    0   0   0
 78.458    2.125    0   0   0
 78.291    2.208    0   0   0
 78.291    2.292    0   0   0
 78.291    2.375    0   0   0
 78.291    2.458    0   0   0
 78.291    2.542    0   0   0
 78.291    2.625    0   0   0
 78.291    2.708    0   0   0
 78.458    2.792    0   0   0
 78.458    2.875    0   0   0
 78.458    2.958    0   0   0
 78.458    3.042    0   0   0
 78.458    3.125    0   0   0
 78.458    3.208    0   0   0
 78.458    3.292    0   0   0
 78.458    3.375    0   0   0
 78.458    3.458    0   0   0
 78.458    3.542    0   0   0
 78.458    3.625    0   0   0
 78.458    3.708    0   0   0
 78.458    3.792    0   0   0
 78.625    3.875    0   0   0
 78.625    3.958    0   0   0
 78.625    4.042    0   0   0
 78.625    4.125    0   0   0
 78.625    4.208    0   0   0
 78.625    4.292    0   0   0
 78.625    4.375    0   0   0
 78.791    4.458    0   0   0
 78.791    4.542    0   0   0
 78.791    4.625    0   0   0
 78.875    4.708    0   0   0
 78.875    4.792    0   0   0
 78.875    4.875    0   0   0
 78.875    4.958    0   0   0
 78.875    5.042    0   0   0
 78.875    5.125    0   0   0
 78.875    5.208    0   0   0
 78.875    5.292    0   0   0
 78.875    5.375    0   0   0
 78.875    5.458    0   0   0
 78.875    5.542    0   0   0
 78.875    5.625    0   0   0
 78.875    5.708    0   0   0
 78.875    5.792    0   0   0
 78.958    5.875    0   0   0
 79.041    5.958    0   0   0
 79.041    6.042    0   0   0
 79.041    6.125    0   0   0
 79.208    6.208    0   0   0
 79.208    6.292    0   0   0
 79.208    6.375    0   0   0
 79.208    6.458    0   0   0
 79.208    6.542    0   0   0
 79.208    6.625    0   0   0
 79.208    6.708    0   0   0
 79.291    6.792    0   0   0
 79.291    6.875    0   0   0
 79.375    6.958    0   0   0
 79.375    7.042    0   0   0
 79.375    7.125    0   0   0
 79.458    7.208    0   0   0
 79.458    7.292    0   0   0
 79.458    7.375    0   0   0
 79.458    7.458    0   0   0
 79.458    7.542    0   0   0
 79.458    7.625    0   0   0
 79.458    7.708    0   0   0
 79.458    7.792    0   0   0
 79.458    7.875    0   0   0
 79.458    7.958    0   0   0
 79.458    8.042    0   0   0
 79.458    8.125    0   0   0
 79.458    8.208    0   0   0
 79.458    8.292    0   0   0
 79.458    8.375    0   0   0
 79.458    8.458    0   0   0
 79.458    8.542    0   0   0
 79.458    8.625    0   0   0
 79.458    8.708    0   0   0
 79.458    8.792    0   0   0
 79.458    8.875    0   0   0
 79.375    8.958    0   0   0
 79.291    9.042    0   0   0
 79.208    9.125    0   0   0
 79.291    9.208    0   0   0
 79.291    9.292    0   0   0
 79.291    9.375    0   0   0
 79.291    9.458    0   0   0
 79.291    9.542    0   0   0
 79.291    9.625    0   0   0
 79.291    9.708    0   0   0
 79.291    9.792    0   0   0
 79.291    9.875    0   0   0
 79.291    9.958    0   0   0
 79.291   10.042    0   0   0
 79.291   10.125    0   0   0
 79.291   10.208    0   0   0
 79.208   10.292    0   0   0
 79.208   10.375    0   0   0
 79.208   10.458    0   0   0
 79.208   10.542    0   0   0
 79.208   10.625    0   0   0
 79.208   10.708    0   0   0
 79.208   10.792    0   0   0
 79.208   10.875    0   0 195
 79.208   10.958    0   0 195
 79.208   11.042    0   0 195
 79.125   11.125    0   0 195
 77.041   12.542    0   0   0
 77.041   12.625    0   0   0
 76.958   12.958    0   0   0
 76.958   13.292    0   0   0
 76.958   13.375    0   0   0
 76.958   13.458    0   0   0
 77.041   13.542    0   0   0
 77.041   13.625    0   0   0
 76.958   13.708    0   0   0
 77.041   13.792    0   0   0
 77.041   13.875    0   0   0
 77.041   13.958    0   0   0
 79.875   14.042    0   0   0
 79.875   14.125    0   0   0
 77.041   14.208    0   0   0
 77.041   14.292    0   0   0
 77.125   14.375    0   0 195
 77.041   14.458    0   0 195
 77.041   14.542    0   0   0
 77.041   14.625    0   0 195
 78.625   14.708    0   0 195
 76.958   14.792    0   0   0
 76.958   14.875    0   0 195
 76.958   14.958    0   0 195
 76.958   15.042    0   0 195
 79.708   15.125  195   0   0
 79.708   15.208  195   0   0
 79.708   15.292  195   0   0
 79.708   15.375    0   0   0
 79.541   15.458  195   0   0
 79.541   15.542    0   0   0
 79.541   15.625    0   0   0
 79.541   15.708    0   0 195
 76.708   15.792    0   0 195
 79.208   15.875  195   0   0
 79.208   15.958  195   0 195
 76.625   16.208    0   0 195
 78.625   16.542  195   0 195
 76.958   17.375    0   0 195
 76.958   17.458    0   0   0
 76.458   17.542    0   0   0
 76.458   17.625    0   0   0
 79.958   17.708  195   0   0
 76.458   17.792    0   0   0
 80.208   17.875  195   0   0
 80.291   17.958  195   0   0
 80.375   18.042    0   0   0
 76.708   18.125    0   0   0
 79.708   18.208  195   0   0
 76.708   18.292    0   0   0
 76.708   18.375    0   0   0
 76.791   18.458    0   0   0
 76.875   18.542    0   0   0
 80.375   18.625  195   0   0
 80.375   18.708  195   0   0
 80.375   18.792  195   0   0
 80.375   18.875    0   0   0
 77.458   18.958    0   0   0
 79.708   19.042    0   0 195
 79.708   19.125    0   0 195
 77.458   19.208    0   0   0
 80.375   19.292  195   0   0
 77.458   19.375    0   0   0
 77.458   19.458    0   0   0
 77.375   19.542    0   0   0
 77.375   19.625    0   0   0
 77.375   19.708    0   0   0
 77.375   19.792    0   0   0
 77.291   19.875    0   0   0
 77.291   19.958    0   0   0
 77.291   20.042    0   0   0
 77.291   20.125    0   0   0
 79.708   20.208  195   0 195
 79.708   20.292  195   0 195
 79.708   20.375  195   0 195
 77.375   20.458    0   0   0
 77.375   20.542    0   0   0
 77.458   20.625    0   0   0
 77.541   20.708    0   0   0
 77.625   20.792  195   0   0
 80.291   20.875  195   0   0
 80.291   20.958  195   0   0
 80.291   21.042  195   0   0
 78.958   21.125  195   0 195
 78.958   21.208  195   0 195
 77.208   21.292    0   0 195
 77.208   21.375    0   0 195
 77.208   21.458    0   0 195
 77.208   21.542    0   0   0
 78.708   21.625  195   0   0
 78.708   21.708  195   0   0
 77.208   21.792    0   0   0
 77.208   21.875    0   0   0
 80.291   21.958    0   0   0
 80.291   22.042    0   0   0
 80.291   22.125    0   0   0
 80.291   22.208    0   0   0
 80.291   22.292    0   0 195
 77.041   22.375    0   0   0
 77.541   22.458    0   0 195
 78.291   22.542  195   0   0
 78.291   22.625  195   0   0
 78.291   22.708  195   0   0
 76.958   23.125    0   0   0
 76.958   23.208    0   0   0
 77.208   23.292    0   0 195
 80.458   23.375    0   0   0
 80.458   23.458    0   0   0
 80.458   23.542    0   0   0
 80.458   23.625    0   0   0
 80.458   23.708    0   0   0
 80.458   23.792    0   0   0
 80.458   23.875    0   0   0
 77.208   23.958    0   0   0
 77.208   24.042    0   0   0
 77.208   24.125    0   0   0
 77.208   24.208    0   0   0
 77.208   24.292    0   0   0
 80.458   24.375  195   0   0
 77.208   24.458    0   0   0
 77.208   24.542    0   0   0
 80.375   24.625  195   0   0
 77.125   24.708    0   0   0
 77.125   24.792    0   0   0
 77.208   24.875    0   0   0
 80.291   24.958  195   0   0
 80.291   25.042  195   0   0
 77.291   25.125    0   0   0
 77.291   25.208    0   0   0
 77.208   25.292    0   0   0
 77.208   25.375    0   0   0
 77.125   25.458    0   0   0
 77.125   25.542    0   0   0
 77.125   25.625    0   0   0
 77.125   25.708    0   0   0
 77.125   25.792    0   0   0
 77.041   25.875    0   0   0
 77.041   25.958    0   0   0
 76.958   26.042    0   0   0
 79.625   26.125    0   0 195
 76.708   26.208    0   0   0
 76.708   26.292    0   0   0
 77.041   26.375    0   0   0
 77.041   26.458    0   0   0
 77.041   26.542    0   0   0
 77.208   26.625    0   0   0
 77.291   26.708    0   0   0
 80.208   26.792  195   0   0
 80.208   26.875  195   0   0
 80.208   26.958  195   0   0
 80.208   27.042  195   0   0
 80.125   27.125  195   0   0
 80.125   27.208    0   0   0
 80.125   27.292    0   0   0
 80.125   27.375    0   0   0
 80.125   27.458    0   0   0
 77.208   27.542    0   0   0
 77.208   27.625    0   0   0
 76.791   27.708    0   0   0
 76.875   27.792    0   0   0
 77.125   27.875    0   0   0
 77.208   27.958    0   0   0
 77.208   28.042    0   0   0
 77.208   28.125    0   0   0
 77.208   28.208    0   0   0
 77.208   28.292    0   0   0
 78.791   28.375    0   0 195
 78.791   28.458    0   0 195
 77.375   28.542    0   0   0
 77.375   28.625    0   0   0
 77.375   28.708    0   0   0
 77.375   28.792    0   0   0
 77.375   28.875    0   0   0
 77.458   28.958    0   0   0
 77.458   29.042    0   0   0
 77.541   29.125    0   0   0
 77.541   29.208    0   0   0
 77.541   29.292    0   0   0
 77.541   29.375    0   0   0
 77.541   29.458    0   0   0
 77.541   29.542    0   0   0
 77.541   29.625    0   0   0
 77.458   29.708    0   0   0
 77.458   29.792    0   0   0
 77.125   29.875    0   0   0
 77.208   29.958    0   0   0
 77.125   30.042    0   0   0
 77.125   30.125    0   0   0
 77.125   30.208    0   0   0
 77.041   30.292    0   0   0
 77.041   30.375    0   0   0
 77.041   30.458    0   0   0
 77.041   30.542    0   0   0
 77.041   30.625    0   0   0
 77.041   30.708    0   0   0
 77.041   30.792    0   0   0
 77.041   30.875    0   0   0
 77.041   30.958    0   0   0
 77.125   31.042    0   0   0
 77.125   31.125    0   0   0
 77.208   31.208    0   0   0
 77.208   31.292    0   0   0
 77.208   31.375    0   0   0
 77.208   31.458    0   0   0
 77.208   31.542    0   0   0
 77.208   31.625    0   0   0
 77.208   31.708    0   0   0
 77.208   31.792    0   0   0
 77.208   31.875    0   0   0
 77.208   31.958    0   0   0
 77.208   32.042    0   0   0
 77.208   32.125    0   0   0
 77.208   32.208    0   0   0
 77.208   32.292    0   0   0
 77.125   32.375    0   0   0
 77.125   32.458    0   0   0
 77.125   32.542    0   0   0
 77.125   32.625    0   0   0
 77.125   32.708    0   0   0
 77.125   32.792    0   0   0
 77.041   32.875    0   0   0
 76.541   32.958    0   0   0
 76.541   33.042    0   0   0
 76.541   33.125    0   0   0
 76.458   33.208    0   0   0
 76.458   33.292    0   0   0
 76.458   33.375    0   0   0
 76.458   33.458    0   0   0
 76.458   33.542    0   0   0
 76.458   33.625    0   0   0
 76.458   33.708    0   0   0
 75.791   33.792    0   0   0
 75.791   33.875    0   0   0
 75.791   33.958    0   0   0
 75.791   34.042    0   0   0
 75.708   34.125    0   0   0
 75.791   34.208    0   0   0
 75.791   34.292    0   0   0
 75.791   34.375    0   0   0
 75.791   34.458    0   0   0
 75.875   34.542    0   0   0
 75.875   34.625    0   0   0
 75.875   34.708    0   0   0
 75.875   34.792    0   0   0
 75.875   34.875    0   0   0
 75.875   34.958    0   0   0
 75.875   35.042    0   0   0
 75.875   35.125    0   0   0
 75.875   35.208    0   0   0
 75.875   35.292    0   0   0
 75.875   35.375    0   0   0
 75.875   35.458    0   0   0
 75.875   35.542    0   0   0
 75.875   35.625    0   0   0
 75.791   35.708    0   0   0
 76.041   35.792    0   0   0
 76.041   35.875    0   0   0
 76.041   35.958    0   0   0
 76.041   36.042    0   0   0
 76.041   36.125    0   0   0
 76.041   36.208    0   0   0
 76.041   36.292    0   0   0
 76.041   36.375    0   0   0
 76.041   36.458    0   0   0
 75.958   36.542    0   0   0
 75.958   36.625    0   0   0
 75.958   36.708    0   0   0
 75.958   36.792    0   0   0
 75.958   36.875    0   0   0
 75.958   36.958    0   0   0
 75.958   37.042    0   0   0
 75.958   37.125    0   0   0
 76.041   37.208    0   0   0
 76.041   37.292    0   0   0
 76.041   37.375    0   0   0
 76.041   37.458    0   0   0
 76.125   37.542    0   0   0
 76.125   37.625    0   0   0
 76.125   37.708    0   0   0
 76.125   37.792    0   0   0
 76.125   37.875    0   0   0
 76.125   37.958    0   0   0
 76.041   38.042    0   0   0
 76.041   38.125    0   0   0
 76.041   38.208    0   0   0
 76.041   38.292    0   0   0
 76.041   38.375    0   0   0
 76.041   38.458    0   0   0
 76.041   38.542    0   0   0
 76.041   38.625    0   0   0
 76.041   38.708    0   0   0
 76.041   38.792    0   0   0
 76.041   38.875    0   0   0
 76.041   38.958    0   0   0
 75.958   39.042    0   0   0
 75.958   39.125    0   0   0
 75.958   39.208    0   0   0
 75.958   39.292    0   0   0
 75.958   39.375    0   0   0
 76.041   39.458    0   0   0
 76.041   39.542    0   0   0
 76.041   39.625    0   0   0
 76.041   39.708    0   0   0
 76.041   39.792    0   0   0
 76.041   39.875    0   0   0
 76.041   39.958    0   0   0
 76.041   40.042    0   0   0
 76.041   40.125    0   0   0
 76.041   40.208    0   0   0
 75.958   40.292    0   0   0
 75.958   40.375    0   0   0
 75.958   40.458    0   0   0
 75.958   40.542    0   0   0
 75.958   40.625    0   0   0
 75.875   40.708    0   0   0
 75.875   40.792    0   0   0
 75.791   40.875    0   0   0
 75.791   40.958    0   0   0
 75.875   41.042    0   0   0
 75.875   41.125    0   0   0
 75.875   41.208    0   0   0
 75.875   41.292    0   0   0
 75.875   41.375    0   0   0
 75.875   41.458    0   0   0
 75.875   41.542    0   0   0
 75.625   41.625    0   0   0
 75.958   41.708    0   0   0
 75.958   41.792    0   0   0
 76.041   41.875    0   0   0
 76.041   41.958    0   0   0
 76.041   42.042    0   0   0
 76.041   42.125    0   0   0
 75.958   42.208    0   0   0
 75.958   42.292    0   0   0
 75.958   42.375    0   0   0
 75.958   42.458    0   0   0
 75.958   42.542    0   0   0
 76.041   42.625    0   0   0
 76.041   42.708    0   0   0
 76.125   42.792    0   0   0
 76.125   42.875    0   0   0
 76.125   42.958    0   0   0
 76.125   43.042    0   0   0
 76.125   43.125    0   0   0
 76.125   43.208    0   0   0
 76.125   43.292    0   0   0
 76.125   43.375    0   0   0
 76.125   43.458    0   0   0
 76.125   43.542    0   0   0
 76.125   43.625    0   0   0
 76.208   43.708    0   0   0
 76.208   43.792    0   0   0
 76.208   43.875    0   0   0
 76.291   43.958    0   0   0
 76.291   44.042    0   0   0
 76.375   44.125    0   0   0
 76.375   44.208    0   0   0
 76.791   44.292    0   0   0
 76.875   44.375    0   0   0
 76.875   44.458    0   0   0
 76.875   44.542    0   0   0
 76.875   44.625    0   0   0
 76.791   44.708    0   0   0
 75.958   44.792    0   0   0
 75.875   44.875    0   0   0
 79.458   44.958    0   0   0
 79.458   45.042    0   0   0
 79.458   45.125    0   0   0
 79.458   45.208    0   0   0
 79.541   45.292    0   0   0
 79.541   45.375    0   0   0
 79.541   45.458    0   0   0
 79.541   45.542    0   0   0
 79.541   45.625    0   0   0
 79.541   45.708    0   0   0
 79.541   45.792    0   0   0
 79.541   45.875    0   0   0
 79.541   45.958    0   0   0
 79.458   46.042    0   0   0
 80.708   46.125  195   0   0
 79.375   46.208    0   0   0
 79.375   46.292    0   0   0
 79.375   46.375    0   0   0
 79.375   46.458    0   0   0
 80.791   46.542  195   0   0
 80.791   46.625  195   0   0
 80.791   46.708  195   0   0
 80.791   46.792  195   0   0
 80.875   46.875    0   0   0
 78.625   46.958    0   0   0
 78.625   47.042    0   0   0
 78.708   47.125    0   0   0
 78.708   47.208    0   0   0
 78.708   47.292    0   0   0
 78.791   47.375    0   0   0
 79.791   47.458    0   0   0
 79.791   47.542    0   0   0
 79.791   47.625    0   0   0
 80.708   47.708    0   0 195
 80.708   47.792    0   0 195
 79.791   47.875    0   0   0
 79.791   47.958    0   0   0
 79.791   48.042    0   0   0
 79.791   48.125    0   0   0
 79.708   48.208    0   0   0
 79.708   48.292    0   0   0
 79.708   48.375    0   0   0
 79.708   48.458    0   0   0
 79.708   48.542    0   0   0
 79.708   48.625    0   0   0
 80.791   48.708  195   0   0
 80.791   48.792    0   0   0
 80.708   48.875    0   0   0
 79.708   48.958    0   0   0
 79.625   49.042    0   0   0
 79.625   49.125    0   0   0
 79.625   49.208    0   0   0
 79.291   49.292    0   0   0
 79.291   49.375    0   0   0
 79.291   49.458    0   0   0
 79.291   49.541    0   0   0
 80.291   49.625  195   0 195
 80.291   49.708  195   0 195
 80.291   49.791  195   0 195
 80.291   49.875  195   0   0
 80.291   49.958  195   0   0
 80.291   50.041  195   0   0
 81.125   50.125    0   0   0
 81.125   50.208    0   0   0
 81.125   50.291    0   0   0
 79.625   50.375    0   0   0
 80.208   50.458    0   0   0
 80.208   50.541    0   0   0
 80.208   50.625    0   0   0
 80.208   50.708    0   0   0
 80.125   50.791  195   0   0
 80.125   50.875  195   0   0
 80.958   50.958  195   0   0
 80.958   51.041    0   0   0
 80.958   51.125    0   0   0
 80.208   51.208    0   0   0
 80.208   51.291    0   0   0
 80.208   51.375    0   0   0
 80.208   51.458    0   0   0
 80.208   51.541    0   0 195
 79.375   51.625    0   0   0
 80.291   51.708    0   0   0
 80.291   51.791    0   0   0
 80.291   51.875    0   0   0
 80.291   51.958    0   0   0
 80.291   52.041    0   0   0
 80.291   52.125    0   0   0
 79.458   52.208    0   0   0
 79.458   52.291    0   0   0
 79.458   52.375    0   0   0
 79.541   52.458    0   0   0
 79.541   52.541    0   0   0
 79.541   52.625    0   0   0
 79.541   52.708    0   0   0
 79.541   52.791    0   0   0
 79.625   52.875    0   0   0
 80.541   52.958    0   0   0
 80.541   53.041    0   0 195
 80.541   53.125    0   0 195
 79.625   53.208    0   0   0
 79.791   53.291    0   0   0
 79.791   53.375    0   0   0
 79.791   53.458    0   0   0
 79.875   53.541    0   0   0
 80.541   53.625    0   0   0
 80.541   53.708    0   0   0
 79.875   53.791    0   0   0
 79.875   53.875    0   0   0
 79.875   53.958    0   0   0
 81.041   54.041    0   0   0
 79.875   54.125    0   0   0
 79.875   54.208    0   0   0
 79.875   54.291    0   0   0
 81.125   54.375    0   0   0
 81.125   54.458  195   0   0
 81.125   54.541  195   0 195
 80.625   54.625  195   0 195
 80.625   54.708  195   0 195
 80.625   54.791  195   0 195
 80.625   54.875  195   0 195
 81.208   54.958  195   0   0
 81.208   55.041    0   0   0
 81.208   55.125    0   0   0
 81.208   55.208    0   0   0
 81.208   55.291    0   0   0
 81.208   55.375    0   0   0
 79.875   55.458    0   0   0
 79.875   55.541    0   0   0
 79.875   55.625    0   0   0
 79.875   55.708    0   0   0
 79.958   55.791    0   0   0
 79.958   55.875    0   0 195
 79.125   55.958    0   0   0
 81.375   56.041  195   0   0
 81.375   56.125  195   0   0
 81.375   56.208  195   0   0
 81.375   56.291  195   0   0
 79.875   56.375    0   0   0
 79.875   56.458    0   0   0
 79.875   56.541    0   0   0
 79.875   56.625    0   0   0
 79.791   56.708    0   0   0
 79.791   56.791    0   0   0
 79.791   56.875    0   0   0
 79.791   56.958    0   0   0
 79.791   57.041    0   0   0
 79.791   57.125    0   0   0
 79.791   57.208    0   0   0
 79.791   57.291    0   0   0
 79.791   57.375    0   0   0
 79.791   57.458    0   0   0
 79.791   57.541    0   0   0
 81.708   57.625    0   0   0
 81.708   57.708    0   0   0
 81.708   57.791    0   0   0
 79.791   57.875    0   0   0
 79.791   57.958    0   0   0
 79.791   58.041    0   0   0
 79.875   58.125    0   0   0
 79.875   58.208    0   0 195
 76.208   58.291    0   0   0
 80.041   58.375  195   0 195
 80.041   58.458  195   0 195
 80.041   58.541  195   0   0
 81.458   58.625  195   0   0
 80.041   58.708  195   0   0
 79.125   58.791    0   0   0
 79.125   58.875    0   0   0
 80.458   58.958  195   0   0
 81.625   59.041    0   0 195
 80.875   59.125    0   0   0
 80.875   59.208    0   0   0
 80.791   59.291    0   0   0
 81.375   59.375    0   0   0
 81.375   59.458    0   0   0
 81.375   59.541    0   0   0
 80.875   59.625  195   0   0
 80.875   59.708  195   0   0
 80.875   59.791  195   0   0
 80.875   59.875  195   0   0
 80.875   59.958  195   0 195
 80.875   60.041  195   0 195
 79.875   60.125    0   0   0
 74.208   60.208    0   0   0
 74.125   60.291    0   0   0
 74.125   60.375    0   0   0
 74.041   60.458    0   0   0
 74.041   60.541    0   0   0
 69.791   60.625  195   0   0
 69.874   60.708  195   0   0
 80.958   61.541  195   0 195
 80.958   61.625  195   0   0
 81.625   61.708    0   0   0
 81.625   62.125  195   0 195
 81.625   62.208  195   0 195
 81.625   62.291  195   0 195
 80.875   62.375    0   0   0
 80.875   62.458    0   0   0
 80.958   62.541    0   0   0
 80.958   62.625  195   0   0
 80.958   62.708  195   0   0
 76.291   62.875  195   0   0
 76.291   62.958  195   0   0
 81.125   63.958    0   0   0
 81.125   64.041    0   0   0
 76.458   64.625  195   0   0
 76.458   64.708  195   0   0
 76.541   65.125  195   0   0
 76.541   65.208  195   0   0
 76.541   65.291  195   0   0
 76.541   65.375  195   0   0
 76.625   65.708  195   0   0
 76.875   66.375  195   0   0
 70.624   66.625  195   0 195
 70.624   66.708  195   0 195
 70.541   66.791  195   0   0
 70.541   66.875    0   0   0
 70.541   66.958    0   0   0
 76.958   67.041  195   0   0
 70.541   67.125    0   0   0
 77.041   67.458  195   0   0
 69.541   67.541  195   0 195
 68.291   68.375  195   0   0
 68.291   68.458  195   0   0
 76.208   68.541    0   0 195
 72.958   69.291  195   0   0
 73.041   69.708  195   0   0
 73.041   69.791  195   0   0
 73.041   69.875  195   0   0
 72.958   70.041  195   0 195
 72.958   70.125  195   0 195
 72.958   70.208  195   0 195
 72.958   70.291  195   0 195
 72.958   70.375  195   0 195
 72.958   70.458  195   0 195
 72.958   70.541  195   0 195
 72.958   70.625  195   0 195
 72.874   72.042  195   0   0
 72.874   72.125  195   0   0
 71.291   72.208  195   0   0
 67.208   72.292    0   0 195
 68.958   72.625  195   0   0
 69.458   72.708    0   0   0
 68.874   72.792  195   0   0
 72.124   75.625    0   0 195
 72.624   75.708  195   0   0
 72.541   75.792    0   0   0
 79.625   76.042    0   0   0
 69.041   76.625  195   0 195
 72.208   76.792    0   0   0
 71.208   77.208  195   0 195
 68.041   77.292    0   0 195
 68.291   77.375  195   0   0
 68.291   77.458    0   0   0
 68.208   77.542  195   0   0
 67.624   77.792  195   0 195
 68.291   77.958  195   0 195
 71.208   78.042    0   0 195
 71.208   78.125    0   0 195
 71.208   78.208    0   0 195
 72.541   78.375  195   0   0
 72.458   78.458  195   0   0
 72.458   78.542  195   0   0
 80.875   78.958    0   0   0
 73.291   79.208  195   0   0
 73.124   79.375  195   0 195
 73.041   79.458  195   0   0
 72.958   79.625    0   0   0
 72.874   79.708    0   0   0
 72.541   80.625    0   0   0
 75.958   82.125  195   0   0
 75.958   82.208  195   0   0
 75.208   82.292    0   0 195
 75.125   82.375    0   0   0
 71.041   82.459  195   0   0
 71.874   82.542  195   0 195
 74.125   82.875    0   0   0
 71.041   83.042  195   0   0
 71.041   83.125  195   0   0
 70.958   83.375    0   0 195
 71.624   83.542  195   0 195
 73.958   84.459    0   0 195
 74.041   84.542    0   0   0
 74.541   84.625  195   0   0
 74.541   84.709  195   0   0
 74.208   85.125  195   0 195
 74.208   85.209    0   0 195
 74.125   85.375    0   0 195
 73.875   85.709  195   0   0
 73.875   85.875  195   0   0
 75.208   87.209  195   0   0
 75.375   88.542  195   0   0
 75.375   88.625  195   0   0
 77.208   89.125    0   0   0
 69.374   89.292  195   0 195
 75.541   89.792  195   0 195
 68.291   89.875  195   0 195
 68.291   89.959  195   0 195
 68.291   90.042  195   0 195
 80.375   91.292    0   0   0
 80.375   91.375    0   0   0
 80.375   91.459  195   0   0
 80.791   92.459  195   0   0
 80.791   92.542  195   0   0
 75.875   92.625  195   0 195
 81.041   93.042    0   0   0
 81.041   93.125  195   0   0
 81.041   93.209  195   0   0
 81.041   93.292  195   0 195
 81.041   93.376  195   0 195
 81.041   93.459  195   0 195
 81.041   93.542  195   0 195
 76.708   94.292  195   0   0
 80.041   94.542  195   0 195
 80.041   94.626  195   0 195
 76.708   94.959  195   0   0
 76.708   95.042  195   0   0
 78.958   95.626    0   0 195
 81.291   95.959  195   0   0
 77.208   96.209  195   0   0
 77.208   96.292  195   0   0
 76.541   96.376    0   0 195
 77.208   96.626  195   0   0
 77.208   96.709    0   0   0
 76.125   97.042  195   0 195
 76.125   97.126  195   0 195
 76.125   97.459    0   0   0
 76.125   97.542  195   0   0
 80.208   97.626  195   0   0
 80.208   97.709  195   0   0
 80.208   97.792  195   0   0
 76.875   97.876  195   0   0
 79.958   98.126    0   0 195
 79.958   98.209  195   0   0
 80.708   98.292    0   0   0
 80.708   98.376    0   0   0
 80.708   98.459    0   0   0
 72.291   99.376  195   0 195
 72.291   99.459  195   0 195
 72.291   99.542  195   0 195
 72.291   99.626  195   0 195
 72.291   99.709  195   0 195
 72.291   99.792  195   0 195
 79.291   99.876  195   0 195
 78.875  100.126    0   0   0
 78.875  100.209    0   0   0
 78.875  100.292    0   0   0
 78.875  100.376    0   0   0
 78.875  100.459    0   0   0
 78.875  100.542  195   0   0
 78.875  100.626  195   0   0
 78.875  100.709  195   0   0
 74.541  100.959  195   0   0
 74.541  101.042  195   0 195
 77.125  101.126    0   0   0
 77.125  101.209    0   0   0
 77.125  101.292  195   0   0
 79.291  101.376  195   0   0
 79.291  101.459  195   0   0
 74.541  101.542    0   0 195
 77.708  101.626  195   0   0
 74.541  101.709    0   0 195
 74.541  101.792    0   0 195
 79.375  102.042    0   0   0
 79.375  102.126    0   0   0
 78.125  102.542    0   0 195
 78.125  102.626    0   0 195
 79.208  103.126    0   0 195
 79.208  103.209    0   0 195
 74.875  104.626  195   0 195
 77.125  105.126  195   0 195
 77.125  105.376  195   0 195
 78.208  105.959    0   0   0
 78.208  106.043    0   0   0
 73.041  106.126  195   0   0
 73.208  106.209  195   0 195
 77.375  106.459  195   0   0
 78.208  106.709  195   0 195
 77.375  107.043    0   0 195
 78.208  107.126  195   0   0
 78.208  107.209  195   0   0
 78.208  107.293  195   0   0
 77.375  107.376  195   0   0
 78.708  107.543    0   0   0
 78.708  107.626    0   0   0
 78.708  107.709    0   0   0
 78.708  107.793    0   0   0
 78.708  107.876    0   0   0
 78.708  107.959    0   0   0
 78.708  108.043    0   0   0
 78.791  108.126    0   0   0
 78.708  108.209    0   0   0
 78.708  108.293    0   0   0
 78.708  108.376    0   0   0
 78.708  108.459    0   0   0
 78.708  108.543    0   0   0
 78.708  108.626    0   0   0
 78.708  108.709    0   0   0
 78.708  108.793    0   0   0
 78.708  108.876    0   0   0
 78.708  108.959    0   0   0
 78.708  109.043    0   0   0
 78.625  109.126    0   0   0
 78.625  109.209    0   0   0
 78.375  109.293    0   0   0
 78.375  109.376    0   0   0
 78.375  109.459    0   0   0
 78.375  109.543    0   0   0
 78.291  109.626    0   0   0
 78.291  109.709    0   0   0
 78.208  109.793    0   0   0
 78.208  109.876    0   0   0
 78.208  109.959    0   0   0
 78.208  110.043    0   0   0
 78.208  110.126    0   0   0
 78.208  110.209    0   0   0
 78.208  110.293    0   0   0
 78.458  110.376    0   0   0
 78.458  110.459    0   0   0
 78.458  110.543    0   0   0
 78.458  110.626    0   0   0
 78.458  110.709    0   0   0
 78.458  110.793    0   0   0
 78.541  110.876    0   0   0
 78.541  110.959    0   0   0
 78.458  111.043    0   0   0
 78.458  111.126    0   0   0
 78.458  111.209    0   0   0
 78.458  111.293    0   0   0
 78.458  111.376    0   0   0
 78.458  111.459    0   0   0
 78.458  111.543    0   0   0
 78.458  111.626    0   0   0
 78.458  111.709    0   0   0
 78.458  111.793    0   0   0
 78.458  111.876    0   0   0
 78.458  111.959    0   0   0
 78.458  112.043    0   0   0
 78.458  112.126    0   0   0
 78.458  112.209    0   0   0
 78.458  112.293    0   0   0
 78.458  112.376    0   0   0
 78.458  112.459    0   0   0
 78.375  112.543    0   0   0
 78.375  112.626    0   0   0
 76.541  112.793    0   0   0
 76.541  112.876    0   0   0
 76.541  112.959  195   0   0
 76.375  113.043  195   0 195
 73.791  113.376  195   0   0
 73.541  113.459    0   0 195
 76.125  113.626    0   0   0
 75.458  113.876    0   0   0
 75.958  113.959  195   0   0
 73.625  117.376  195   0   0
 73.625  117.460  195   0   0
 74.791  118.043    0   0   0
 74.875  118.126    0   0   0
 74.875  118.210    0   0   0
 74.875  118.293    0   0   0
 74.875  118.376    0   0   0
 74.875  118.460    0   0   0
 74.875  118.543    0   0   0
 74.875  118.626    0   0   0
 74.875  118.710    0   0   0
 74.875  118.793    0   0   0
 74.875  118.876    0   0   0
 74.875  118.960    0   0   0
 74.875  119.043    0   0   0
 74.875  119.126    0   0   0
 74.875  119.210    0   0   0
 74.958  119.293    0   0   0
 74.958  119.376    0   0   0
 74.958  119.460    0   0   0
 74.875  119.543    0   0   0
 74.875  119.626    0   0   0
 74.875  119.710    0   0   0
 74.875  119.793    0   0   0
 74.875  119.876    0   0   0
 74.875  119.960    0   0   0
 74.875  120.043    0   0   0
 74.875  120.126    0   0   0
 74.875  120.210    0   0   0
 74.875  120.293    0   0   0
 74.875  120.376    0   0   0
 74.791  120.460    0   0   0
 74.791  120.543    0   0   0
 74.791  120.626    0   0   0
 74.875  120.710    0   0   0
 74.875  120.793    0   0   0
 74.958  120.876    0   0   0
 74.958  120.960    0   0   0
 74.958  121.043    0   0   0
 74.958  121.126    0   0   0
 74.958  121.210    0   0   0
 74.958  121.293    0   0   0
 74.875  121.376    0   0   0
 74.875  121.460    0   0   0
 74.875  121.543    0   0   0
 74.875  121.626    0   0   0
 74.875  121.710    0   0   0
 74.958  122.793    0   0   0
 74.958  122.876    0   0   0
 75.041  122.960    0   0   0
 75.041  123.043    0   0   0
 75.041  123.126    0   0   0
 75.041  123.210    0   0   0
 75.041  123.293    0   0   0
 75.041  123.376    0   0   0
 75.041  123.460    0   0   0
 75.125  123.543    0   0   0
 75.125  123.626    0   0   0
 75.125  123.710    0   0   0
 75.125  123.793    0   0   0
 75.125  123.876    0   0   0
 75.125  123.960    0   0   0
 75.375  124.043    0   0   0
 75.375  124.126    0   0   0
 75.375  124.210    0   0   0
 75.291  124.293    0   0   0
 75.291  124.376    0   0   0
 75.291  124.460    0   0   0
 75.375  124.543    0   0   0
 75.375  124.626    0   0   0
 75.458  124.710    0   0   0
 75.541  124.793    0   0   0
 75.541  124.876    0   0   0
 75.625  124.960    0   0   0
 75.625  125.043    0   0   0
 75.625  125.126    0   0   0
 75.625  125.210    0   0   0
 75.625  125.293    0   0   0
 75.625  125.376    0   0   0
 75.625  125.460    0   0   0
 75.625  125.543    0   0   0
 75.625  125.626    0   0   0
 75.708  125.710    0   0   0
 75.708  125.793    0   0   0
 75.708  125.876    0   0   0
 75.625  125.960    0   0   0
 75.958  126.043    0   0   0
 75.958  126.127    0   0   0
 75.958  126.210    0   0   0
 75.958  126.293    0   0   0
 75.958  126.377    0   0   0
 75.875  126.460    0   0   0
 75.708  126.543    0   0   0
 75.708  126.627    0   0   0
 75.708  126.710    0   0   0
 75.708  126.793    0   0   0
 75.708  126.877    0   0   0
 75.791  126.960    0   0   0
 75.791  127.043    0   0   0
 75.791  127.127    0   0   0
 75.791  127.210    0   0   0
 75.791  127.293    0   0   0
 75.791  127.377    0   0   0
 75.791  127.460    0   0   0
 75.791  127.543    0   0   0
 75.708  127.627    0   0   0
 75.708  127.710    0   0   0
 75.708  127.793    0   0   0
 75.708  127.877    0   0   0
 75.708  127.960    0   0   0
 75.708  128.043    0   0   0
 75.625  128.127    0   0   0
 75.875  128.210    0   0   0
 75.875  128.293    0   0   0
 75.875  128.377    0   0   0
 75.875  128.460    0   0   0
 75.875  128.543    0   0   0
 75.958  128.627    0   0   0
 75.958  128.710    0   0   0
 75.958  128.793    0   0   0
 75.958  128.877    0   0   0
 75.958  128.960    0   0   0
 75.958  129.043    0   0   0
 75.958  129.126    0   0   0
 75.958  129.210    0   0   0
 75.958  129.293    0   0   0
 75.958  129.376    0   0   0
 75.958  129.460    0   0   0
 75.958  129.543    0   0   0
 75.958  129.626    0   0   0
 75.958  129.710    0   0   0
 75.958  129.793    0   0   0
 75.958  129.876    0   0   0
 75.875  129.960    0   0   0
 75.875  130.043    0   0   0
 76.125  130.126    0   0   0
 76.125  130.210    0   0   0
 76.125  130.293    0   0   0
 76.125  130.376    0   0   0
 76.125  130.460    0   0   0
 76.125  130.543    0   0   0
 76.125  130.626    0   0   0
 76.125  130.710    0   0   0
 76.125  130.793    0   0   0
 76.125  130.876    0   0   0
 76.125  130.960    0   0   0
 76.125  131.043    0   0   0
 76.125  131.126    0   0   0
 76.125  131.210    0   0   0
 76.125  131.293    0   0   0
 76.125  131.376    0   0   0
 76.208  131.460    0   0   0
 76.208  131.543    0   0   0
 76.208  131.626    0   0   0
 76.291  131.710    0   0   0
 76.291  131.793    0   0   0
 76.291  131.876    0   0   0
 76.291  131.960    0   0   0
 76.291  132.043    0   0   0
 76.291  132.126    0   0   0
 76.291  132.210    0   0   0
 76.208  132.293    0   0   0
 76.208  132.376    0   0   0
 76.125  132.460    0   0   0
 76.125  132.543    0   0   0
 76.125  132.626    0   0   0
 76.125  132.710    0   0   0
 76.125  132.793    0   0   0
 76.125  132.876    0   0   0
 76.041  132.960    0   0   0
 76.041  133.043    0   0   0
 76.041  133.126    0   0   0
 76.125  133.210    0   0   0
 76.125  133.293    0   0   0
 76.125  133.376    0   0   0
 76.125  133.460    0   0   0
 76.125  133.543    0   0   0
 76.125  133.626    0   0   0
 76.125  133.710    0   0   0
 76.125  133.793    0   0   0
 76.125  133.876    0   0   0
 76.125  133.960    0   0   0
 76.041  134.043    0   0   0
 76.041  134.126    0   0   0
 54.791  135.293  195   0 195
 75.625  135.626  195   0   0
 76.291  135.793    0   0   0
 76.291  135.876    0   0   0
 76.291  135.959    0   0   0
 76.625  136.043    0   0   0
 76.708  136.126    0   0   0
 76.708  136.209    0   0   0
 76.708  136.293    0   0   0
 76.708  136.376    0   0   0
 76.708  136.459    0   0   0
 76.708  136.543    0   0   0
 76.708  136.626    0   0   0
 76.708  136.709    0   0   0
 76.708  136.793    0   0   0
 76.708  136.876    0   0   0
 76.708  136.959    0   0   0
 76.708  137.043    0   0   0
 76.708  137.126    0   0   0
 76.708  137.209    0   0   0
 76.708  137.293    0   0   0
 76.791  137.376    0   0   0
 76.791  137.459    0   0   0
 76.791  137.543    0   0   0
 76.875  137.626    0   0   0
 76.958  137.709    0   0   0
 76.958  137.793    0   0   0
 76.958  137.876    0   0   0
 76.958  137.959    0   0   0
 76.958  138.043    0   0   0
 76.958  138.126    0   0   0
 76.875  138.209    0   0   0
 76.875  138.459    0   0   0
 76.875  138.543    0   0   0
 76.875  138.626    0   0   0
 76.875  138.709    0   0   0
 76.875  138.793    0   0   0
 76.875  138.876    0   0   0
 76.875  138.959    0   0   0
 76.875  139.043    0   0   0
 76.875  139.126    0   0   0
 76.875  139.209    0   0   0
 76.875  139.293    0   0   0
 76.875  139.376    0   0   0
 76.875  139.459    0   0   0
 76.875  139.543    0   0   0
 76.875  139.626    0   0   0
 72.541  139.709  195   0   0
 71.541  139.793  195   0 195
 76.708  139.959    0   0   0
 76.791  140.042    0   0   0
 76.791  140.126    0   0   0
 76.791  140.209    0   0   0
 76.791  140.292    0   0   0
 76.708  140.376    0   0   0
 76.708  140.459    0   0   0
 76.708  140.542    0   0   0
 76.708  140.626    0   0   0
 76.708  140.709    0   0   0
 76.791  140.792    0   0   0
 76.791  140.876    0   0   0
 76.791  140.959    0   0   0
 76.791  141.042    0   0   0
 76.708  141.126    0   0   0
 76.708  141.209    0   0   0
 77.291  141.292    0   0   0
 77.375  141.376    0   0   0
 77.375  141.459    0   0   0
 77.375  141.542    0   0   0
 77.375  141.626    0   0   0
 77.375  141.709    0   0   0
 77.375  141.792    0   0   0
 77.375  141.876    0   0   0
 77.375  141.959    0   0   0
 77.375  142.042    0   0   0
 77.375  142.126    0   0   0
 77.375  142.209    0   0   0
 77.375  142.376    0   0   0
 77.375  142.459    0   0   0
 77.375  142.542    0   0   0
 77.375  142.626    0   0   0
 77.375  142.709    0   0   0
 77.375  142.792    0   0   0
 77.375  142.876    0   0   0
 77.375  142.959    0   0   0
 77.375  143.042    0   0   0
 76.625  143.126    0   0   0
 76.708  143.209    0   0   0
 76.708  143.292    0   0   0
 76.708  143.376    0   0   0
 77.458  143.459    0   0   0
 77.458  143.542    0   0   0
 77.458  143.626    0   0   0
 77.458  143.709    0   0   0
 77.541  143.792    0   0   0
 77.458  143.876    0   0   0
 77.458  143.959    0   0   0
 77.458  144.042    0   0   0
 77.458  144.126    0   0   0
 76.625  144.209    0   0   0
 77.291  144.292    0   0   0
 77.375  144.376    0   0   0
 77.375  144.459    0   0   0
 77.375  144.542    0   0   0
 77.375  144.626    0   0   0
 77.375  144.709    0   0   0
 77.708  144.792    0   0   0
 77.708  144.876    0   0   0
 77.708  144.959    0   0   0
 77.708  145.042    0   0   0
 77.708  145.126    0   0   0
 77.708  145.209    0   0   0
 77.708  145.292    0   0   0
 77.708  145.376    0   0   0
 77.708  145.459    0   0   0
 77.708  145.542    0   0   0
 77.625  145.625    0   0   0
 77.625  145.709    0   0   0
 77.458  145.792    0   0   0
 77.458  145.875    0   0   0
 77.458  145.959    0   0   0
 77.458  146.042    0   0   0
 77.375  146.125    0   0   0
 76.541  146.209    0   0   0
 76.541  146.292    0   0   0
 76.541  146.375    0   0   0
 76.541  146.459    0   0   0
 76.541  146.542    0   0   0
 77.458  146.625    0   0   0
 77.458  146.709    0   0   0
 77.458  146.792    0   0   0
 77.458  146.875    0   0   0
 77.541  146.959    0   0   0
 77.458  147.042    0   0   0
 77.458  147.125    0   0   0
 77.458  147.209    0   0   0
 77.458  147.292    0   0   0
 77.458  147.375    0   0   0
 77.458  147.459    0   0   0
 77.458  147.542    0   0   0
 76.458  147.625    0   0   0
 76.875  147.709    0   0   0
 76.875  147.792    0   0   0
 76.875  147.875    0   0   0
 76.875  147.959    0   0   0
 76.875  148.042    0   0   0
 76.875  148.125    0   0   0
 76.875  148.209    0   0   0
 76.791  148.292    0   0   0
 76.791  148.375    0   0   0
 76.791  148.459    0   0   0
 76.791  148.542    0   0   0
 76.125  148.625    0   0   0
 76.208  148.709    0   0   0
 76.125  148.792    0   0   0
 76.125  148.875    0   0   0
 76.125  148.959    0   0   0
 76.041  149.042    0   0   0
 76.041  149.125    0   0   0
 76.041  149.209    0   0   0
 76.041  149.292    0   0   0
 75.958  149.375    0   0   0
 75.958  149.459    0   0   0
 75.958  149.542    0   0   0
 75.958  149.625    0   0   0
 75.875  149.709    0   0   0
 75.875  149.792    0   0   0
 75.875  149.875    0   0   0
 75.791  149.959    0   0   0
 75.791  150.042    0   0   0
 75.791  150.125    0   0   0
 75.791  150.209    0   0   0
 75.791  150.292    0   0   0
 75.791  150.375    0   0   0
 76.291  150.459    0   0   0
 76.291  150.542    0   0   0
 76.291  150.625    0   0   0
 76.291  150.709    0   0   0
 76.375  150.792    0   0   0
 76.291  150.875    0   0   0
 76.291  150.958    0   0   0
 76.291  151.042    0   0   0
 76.208  151.125    0   0   0
 76.208  151.208    0   0   0
 76.208  151.292    0   0   0
 75.958  151.375    0   0   0
 75.958  151.458    0   0   0
 75.958  151.542    0   0   0
 75.875  151.625    0   0   0
 75.875  151.708    0   0   0
 75.875  151.792    0   0   0
 75.958  151.875    0   0   0
 76.125  151.958    0   0   0
 76.125  152.042    0   0   0
 76.125  152.125    0   0   0
 76.125  152.208    0   0   0
 75.875  152.292    0   0   0
 75.875  152.375    0   0   0
 75.875  152.458    0   0   0
 71.124  155.708  195   0   0
 57.874  156.292    0   0   0
 57.874  156.375    0   0   0
 57.874  156.458    0   0   0
 57.874  156.541    0   0   0
 57.874  156.625    0   0   0
 57.874  156.708    0   0   0
 58.041  156.791    0   0   0
 57.958  156.875    0   0   0
 57.958  156.958  195   0   0
 57.958  157.041  195   0   0
 57.958  157.125    0   0   0
 57.958  157.208    0   0   0
 58.208  157.625    0   0   0
 70.124  160.041    0   0 195
 70.124  160.125    0   0 195
 70.874  161.375    0   0   0
 70.874  161.708  195   0   0
 69.541  166.958  195   0   0
 69.291  168.374  195   0   0
 69.291  168.457  195   0   0
 69.541  168.541    0   0 195
 70.041  168.707  195   0   0
 68.874  169.541  195   0   0
 68.874  169.624  195   0   0
 69.124  170.791    0   0   0
 69.958  173.207  195   0   0
 64.791  176.374  195   0 195
 64.374  177.790  195   0   0
 64.374  177.874    0   0   0
 64.374  177.957    0   0   0
 64.374  178.040    0   0   0
 64.374  178.124  195   0   0
 64.291  178.457  195   0   0
 64.291  178.540    0   0   0
 64.291  178.623    0   0   0
 64.291  178.707    0   0   0
 64.291  178.790    0   0   0
 64.291  178.873    0   0   0
 64.208  178.957    0   0   0
 64.208  179.040    0   0   0
 64.208  179.123    0   0   0
 69.374  179.207  195   0   0
 64.208  179.290    0   0   0
 64.208  179.373    0   0   0
 64.208  179.457    0   0   0
 64.124  179.540    0   0   0
 64.124  179.623    0   0   0
 64.124  179.707    0   0   0
 64.124  179.790    0   0   0
 64.041  179.873    0   0   0
 64.041  179.957    0   0   0
 64.041  180.040    0   0   0
 64.041  180.123    0   0   0
 63.958  180.207    0   0   0
 63.958  180.290    0   0   0
 63.958  180.373    0   0   0
 63.874  180.457    0   0   0
 63.874  180.540    0   0   0
 63.791  180.623    0   0   0
 63.791  180.707    0   0   0
 63.708  180.790    0   0   0
 63.708  180.873    0   0   0
 63.791  180.957    0   0   0
 63.791  181.040    0   0   0
 63.541  181.123    0   0   0
 63.541  181.207    0   0   0
 63.541  181.290    0   0   0
 63.541  181.373    0   0   0
 66.291  181.457  195   0 195
 63.541  181.540    0   0   0
 63.874  181.623    0   0   0
 63.958  181.707    0   0   0
 63.958  181.790    0   0   0
 63.791  181.873    0   0   0
 63.791  181.957    0   0   0
 63.791  182.040    0   0   0
 63.791  182.123    0   0   0
 63.874  182.207    0   0   0
 63.874  182.290    0   0   0
 63.874  182.373    0   0   0
 63.874  182.457    0   0   0
 63.958  182.540    0   0   0
 71.124  182.623    0   0 195
 63.958  182.707    0   0   0
 63.874  182.790    0   0   0
 63.874  182.873    0   0   0
 63.791  182.957    0   0   0
 63.791  183.040    0   0   0
 63.791  183.123    0   0   0
 63.791  183.207    0   0   0
 69.124  183.290    0   0   0
 69.124  183.373    0   0   0
 69.124  183.457    0   0   0
 69.124  183.540    0   0   0
 69.124  183.623    0   0   0
 69.208  183.706    0   0   0
 69.208  183.790    0   0   0
 69.208  183.873    0   0   0
 69.208  183.956    0   0   0
 69.208  184.040    0   0   0
 69.208  184.123    0   0   0
 69.208  184.206    0   0   0
 69.208  184.290    0   0   0
 69.124  184.373    0   0   0
 69.124  184.456    0   0   0
 69.124  184.540    0   0   0
 69.124  184.623    0   0   0
 63.624  184.706    0   0   0
 63.624  184.790    0   0   0
 63.624  184.873    0   0   0
 63.624  184.956    0   0   0
 63.624  185.040    0   0   0
 63.541  185.123    0   0   0
 67.458  185.206  195   0   0
 67.458  185.290    0   0   0
 63.541  185.373    0   0   0
 67.124  185.456  195   0   0
 63.541  185.540    0   0   0
 66.541  185.623  195   0   0
 63.541  185.706    0   0   0
 68.041  185.790    0   0   0
 68.041  185.873    0   0   0
 68.041  185.956    0   0   0
 63.624  186.040    0   0   0
 63.541  186.123    0   0   0
 63.541  186.206    0   0   0
 63.541  186.290    0   0   0
 63.541  186.373    0   0   0
 63.541  186.456    0   0   0
 63.541  186.540    0   0   0
 63.541  186.623    0   0   0
 63.541  186.706    0   0   0
 63.541  186.790    0   0   0
 63.541  186.873    0   0   0
 63.541  186.956    0   0   0
 63.541  187.040    0   0   0
 63.541  187.123    0   0   0
 63.458  187.206    0   0   0
 63.458  187.290    0   0   0
 63.458  187.373    0   0   0
 63.208  187.456    0   0   0
 63.208  187.540    0   0   0
 63.208  187.623    0   0   0
 67.791  187.706    0   0   0
 67.791  187.790    0   0   0
 67.791  187.873    0   0   0
 63.208  187.956    0   0   0
 63.208  188.040    0   0   0
 67.374  188.123    0   0   0
 67.374  188.206    0   0   0
 67.374  188.290    0   0   0
 67.374  188.373    0   0   0
 67.374  188.456    0   0   0
 67.458  188.540    0   0   0
 67.458  188.623    0   0   0
 67.458  188.706    0   0   0
 67.791  188.790    0   0   0
 67.791  188.873    0   0   0
 67.791  188.956    0   0   0
 67.791  189.040    0   0   0
 67.791  189.123    0   0   0
 67.791  189.206    0   0   0
 67.791  189.289    0   0   0
 67.791  189.373    0   0   0
 65.208  189.456    0   0   0
 65.208  189.539    0   0   0
 65.208  189.623    0   0   0
 67.041  189.706    0   0   0
 66.958  189.789    0   0   0
 66.958  189.873    0   0   0
 65.374  189.956    0   0   0
 66.874  190.039    0   0   0
 65.458  190.123    0   0   0
 65.458  190.206    0   0   0
 65.374  190.289    0   0   0
 65.374  190.373    0   0   0
 65.374  190.456    0   0   0
 65.374  190.539    0   0   0
 65.624  190.623    0   0   0
 65.624  190.706    0   0   0
 65.708  190.789    0   0   0
 64.874  190.873    0   0   0
 64.874  190.956    0   0   0
 64.874  191.039    0   0   0
 64.791  191.123    0   0   0
 64.791  191.206    0   0   0
 64.791  191.289    0   0   0
 69.041  191.373    0   0   0
 69.124  191.456    0   0   0
 69.124  191.539    0   0   0
 69.124  191.623    0   0   0
 69.124  191.706    0   0   0
 69.124  191.789    0   0   0
 69.124  191.873    0   0   0
 69.124  191.956    0   0   0
 66.374  192.039    0   0   0
 66.374  192.123    0   0   0
 66.374  192.206    0   0   0
 66.374  192.289    0   0   0
 64.874  192.373    0   0   0
 64.874  192.456    0   0   0
 64.624  192.539    0   0   0
 64.624  192.623    0   0   0
 64.624  192.706    0   0   0
 64.541  192.789    0   0   0
 64.541  192.873    0   0   0
 64.541  192.956    0   0   0
 64.374  193.039    0   0   0
 64.374  193.123    0   0   0
 64.374  193.206    0   0   0
 64.291  193.289    0   0   0
 67.041  193.373    0   0   0
 67.041  193.456    0   0   0
 67.041  193.539    0   0   0
 67.124  193.623    0   0   0
 67.291  193.706    0   0   0
 67.291  193.789    0   0   0
 67.291  193.873    0   0   0
 67.124  193.956    0   0   0
 67.124  194.039    0   0   0
 67.124  194.123    0   0   0
 64.208  194.206    0   0   0
 64.208  194.289    0   0   0
 64.208  194.373    0   0   0
 64.208  194.456    0   0   0
 67.208  194.539    0   0   0
 67.291  194.622    0   0   0
 67.291  194.706    0   0   0
 67.291  194.789    0   0   0
 67.291  194.872    0   0   0
 64.208  194.956    0   0   0
 64.208  195.039    0   0   0
 64.208  195.122    0   0   0
 64.208  195.206    0   0   0
 64.208  195.289    0   0   0
 64.291  195.372    0   0   0
 64.291  195.456    0   0   0
 64.291  195.539    0   0   0
 64.208  195.622    0   0   0
 64.208  195.706    0   0   0
 64.208  195.789    0   0   0
 64.208  195.872    0   0   0
 64.124  195.956    0   0   0
 64.124  196.039    0   0   0
 64.124  196.122    0   0   0
 64.291  196.206    0   0   0
 64.291  196.289    0   0   0
 64.291  196.372    0   0   0
 64.291  196.456    0   0   0
 63.124  196.622  195   0   0
 69.541  196.789    0   0   0
 69.791  196.872  195   0   0
 66.124  196.956  195   0   0
 70.124  197.372  195   0   0
 66.958  198.039    0   0 195
 66.958  198.122    0   0 195
 66.958  198.206  195   0 195
 66.541  198.289  195   0 195
 66.541  198.372  195   0 195
 66.541  199.122  195   0 195
 70.624  199.706  195   0   0
 70.874  201.372  195   0   0
 70.874  201.622  195   0   0
 71.041  202.539  195   0   0
 71.291  203.955  195   0   0
 71.291  204.039  195   0   0
 71.291  204.122  195   0   0
 71.291  204.205  195   0   0
 71.291  204.289  195   0   0
 71.124  204.539    0   0 195
 71.124  204.622  195   0 195
 71.124  204.705  195   0 195
 71.041  205.455  195   0   0
 70.958  206.622  195   0   0
 70.458  208.705  195   0   0
 70.541  209.205  195   0   0
 70.541  209.288  195   0   0
 70.541  209.955  195   0   0
 70.541  210.038  195   0   0
 70.374  211.621  195   0 195
 70.291  212.288  195   0   0
 70.291  212.371  195   0   0
 70.291  212.705  195   0 195
 70.291  212.788  195   0   0
 70.291  213.205  195   0   0
 70.041  214.871  195   0   0
 69.624  220.621  195   0   0
 69.541  221.204    0   0   0
 69.374  221.371  195   0   0
 69.291  221.454  195   0   0
 68.958  223.787  195   0 195
 69.291  224.037  195   0   0
 69.374  224.204  195   0 195
 69.374  224.287  195   0 195
 69.541  224.871  195   0   0
 69.541  224.954  195   0   0
 69.541  225.037  195   0 195
 69.624  225.121    0   0 195
 69.624  225.204    0   0 195
 69.708  225.371    0   0   0
 69.458  226.537  195   0   0
 69.541  226.621    0   0   0
 69.458  226.704  195   0   0
 69.458  226.787  195   0   0
 68.624  227.287    0   0 195
 69.958  228.870  195   0   0
 69.624  229.454  195   0 195
 69.708  229.537  195   0 195
 69.791  229.870  195   0 195
 70.041  230.704    0   0   0
 70.041  230.787    0   0   0
 70.041  230.870    0   0   0
 69.874  231.204  195   0   0
 70.208  231.704  195   0   0
 70.208  231.787  195   0   0
 66.958  233.703    0   0 195
 67.208  234.037    0   0 195
 72.791  234.787    0   0 195
 72.791  234.870  195   0 195
 66.208  235.037    0   0 195
 70.124  235.120  195   0   0
 66.208  235.203    0   0 195
 66.208  235.287    0   0 195
 66.208  235.370  195   0 195
 73.625  235.453    0   0 195
 73.708  235.537    0   0   0
 73.708  235.620  195   0   0
 73.875  235.703    0   0 195
 73.708  235.787  195   0   0
 66.208  236.037  195   0 195
 66.208  236.120  195   0   0
 66.208  236.203  195   0   0
 69.791  236.787    0   0   0
 66.208  236.870  195   0   0
 76.208  236.953  195   0   0
 65.124  237.037  195   0 195
 65.124  237.120  195   0   0
 65.958  237.703  195   0 195
 64.874  238.703  195   0 195
 76.125  239.120    0   0 195
 65.041  239.203  195   0 195
 65.124  239.286    0   0 195
 76.875  239.370  195   0   0
 76.875  239.453  195   0   0
 70.874  239.536    0   0   0
 70.958  239.620    0   0   0
 70.958  239.703    0   0   0
 70.958  239.786    0   0   0
 71.124  239.870    0   0   0
 71.124  239.953    0   0   0
 71.124  240.036    0   0   0
 71.124  240.120    0   0   0
 71.124  240.203    0   0   0
 71.124  240.286    0   0   0
 71.124  240.370    0   0   0
 75.875  240.453    0   0 195
 76.125  240.536  195   0 195
 76.125  240.620    0   0 195
 75.791  240.703  195   0   0
 75.791  240.786  195   0   0
 70.624  240.870    0   0   0
 70.624  240.953    0   0   0
 74.125  241.036  195   0   0
 70.541  241.120    0   0   0
 76.208  241.203    0   0 195
 76.208  241.286    0   0 195
 70.458  241.370    0   0   0
 70.291  241.453    0   0   0
 70.208  241.536    0   0   0
 63.458  241.703    0   0 195
 76.708  241.786    0   0 195
 76.708  241.870    0   0 195
 76.708  241.953    0   0 195
 63.291  242.286    0   0 195
 63.291  242.370    0   0 195
 63.208  242.453  195   0 195
 77.458  242.536  195   0   0
 77.458  242.620    0   0   0
 75.625  242.703    0   0   0
 63.958  242.786    0   0 195
 75.958  242.870    0   0   0
 75.958  242.953    0   0   0
 77.541  243.036  195   0   0
 76.041  243.120    0   0   0
 76.041  243.203    0   0   0
 77.625  243.620  195   0   0
 77.625  243.703  195   0   0
 77.625  243.786  195   0   0
 64.291  243.869  195   0 195
 77.541  244.036  195   0 195
 77.541  244.119  195   0   0
 77.541  244.203  195   0   0
 77.458  244.369  195   0   0
 77.458  244.453  195   0   0
 75.041  244.536    0   0 195
 77.375  244.619  195   0   0
 77.375  244.703    0   0   0
 73.374  244.786  195   0   0
 73.374  244.869  195   0   0
 67.958  244.953  195   0   0
 68.874  245.286  195   0   0
 68.874  245.369  195   0   0
 68.874  245.453    0   0   0
 68.791  245.619    0   0 195
 68.791  245.703    0   0 195
 78.041  245.869  195   0   0
 78.041  245.953  195   0   0
 78.041  246.036  195   0   0
 77.958  246.119  195   0   0
 77.958  246.203  195   0   0
 77.958  246.286  195   0   0
 77.875  246.453  195   0   0
 77.875  246.536    0   0   0
 77.875  246.619    0   0   0
 70.374  246.786  195   0   0
 75.041  246.869  195   0 195
 75.041  246.953  195   0 195
 75.041  247.036  195   0 195
 61.958  247.119  195   0 195
 76.291  247.286  195   0   0
 78.625  247.536  195   0   0
 78.625  247.619  195   0   0
 78.625  247.703  195   0   0
 58.458  247.869  195   0   0
 58.374  247.953  195   0   0
 58.458  248.036    0   0   0
 67.874  248.703  195   0   0
 75.625  248.786  195   0   0
 75.625  248.869  195   0   0
 78.791  248.953  195   0   0
 78.791  249.036  195   0   0
 58.708  249.286  195   0 195
 76.458  249.369    0   0   0
 62.874  249.452  195   0 195
 62.874  249.536  195   0 195
 68.208  249.619    0   0   0
 62.874  249.702  195   0 195
 68.208  249.786    0   0   0
 62.874  249.869  195   0 195
 76.541  249.952  195   0   0
 76.541  250.036  195   0   0
 62.874  250.119  195   0 195
 62.791  250.536  195   0 195
 62.791  250.619  195   0 195
 76.875  250.702  195   0 195
 78.541  250.786  195   0   0
 76.958  251.036  195   0   0
 72.708  251.202  195   0 195
 72.708  251.286  195   0 195
 72.708  251.369  195   0   0
 72.708  251.452  195   0   0
 72.791  251.536    0   0   0
 73.208  251.619    0   0   0
 73.208  251.702  195   0   0
 72.791  251.786    0   0   0
 72.124  251.869  195   0 195
 59.374  251.952    0   0 195
 72.124  252.036    0   0   0
 72.124  252.119    0   0   0
 68.291  252.286  195   0 195
 76.041  252.452    0   0   0
 76.041  252.536    0   0   0
 73.374  252.702  195   0   0
 73.374  252.786    0   0   0
 75.958  252.869  195   0   0
 75.958  252.952  195   0   0
 75.958  253.036    0   0   0
 73.708  253.119    0   0   0
 73.708  253.202  195   0   0
 69.374  253.536    0   0 195
 73.791  253.702  195   0   0
 73.791  253.786  195   0   0
 77.541  254.036    0   0   0
 78.958  254.619    0   0 195
 78.958  254.702    0   0 195
 78.958  254.785    0   0 195
 78.958  254.869    0   0 195
 78.958  254.952    0   0 195
 78.958  255.035  195   0 195
 78.958  255.119  195   0 195
 77.541  255.202  195   0   0
 72.041  255.285    0   0   0
 77.458  255.369  195   0   0
 75.458  255.452  195   0   0
 78.875  255.619    0   0 195
 78.875  255.702    0   0 195
 78.875  255.785  195   0 195
 71.374  255.869    0   0   0
 70.958  256.035    0   0   0
 70.874  256.119  195   0   0
 58.624  256.285  195   0 195
 70.791  256.619  195   0   0
 62.624  256.702    0   0 195
 58.458  256.869    0   0 195
 60.624  256.952    0   0 195
 79.291  257.036  195   0   0
 70.708  257.119  195   0   0
 79.291  257.202  195   0   0
 79.291  257.286    0   0   0
 79.208  257.369  195   0   0
 79.208  257.452    0   0   0
 79.125  257.536    0   0   0
 79.125  257.619  195   0   0
 76.208  257.702    0   0   0
 62.291  257.786  195   0 195
 69.708  257.952    0   0 195
 67.874  258.036  195   0   0
 69.458  258.119  195   0   0
 69.458  258.202    0   0   0
 79.125  258.286  195   0   0
 68.708  258.369    0   0   0
 76.791  258.452    0   0   0
 76.791  258.536    0   0   0
 76.791  258.619    0   0   0
 62.958  258.702  195   0   0
 62.958  258.786    0   0   0
 76.791  258.869  195   0   0
 77.875  258.952  195   0   0
 77.875  259.036  195   0   0
 77.875  259.119  195   0   0
 77.875  259.202    0   0 195
 77.875  259.286    0   0 195
 72.874  259.369  195   0   0
 80.125  259.869  195   0   0
 52.708  260.036  195   0   0
 69.041  260.119    0   0 195
 69.041  260.203    0   0 195
 69.124  260.286    0   0   0
 78.375  260.369  195   0 195
 78.375  260.453  195   0   0
 62.958  260.536    0   0 195
 78.625  260.619    0   0   0
 76.708  260.703  195   0   0
 77.791  260.786    0   0 195
 68.374  260.869    0   0 195
 80.208  260.953  195   0   0
 80.208  261.036  195   0   0
 80.208  261.119  195   0   0
 80.125  261.203  195   0   0
 80.125  261.286  195   0   0
 80.041  261.369    0   0   0
 80.041  261.453    0   0   0
 64.041  261.536  195   0 195
 68.541  261.619    0   0   0
 68.541  261.703  195   0   0
 68.541  261.786  195   0   0
 69.874  261.869  195   0   0
 68.624  261.953  195   0 195
 71.541  262.036    0   0 195
 69.958  262.120  195   0   0
 69.958  262.203  195   0   0
 76.625  262.286  195   0   0
 76.625  262.370    0   0   0
 76.625  262.453    0   0   0
 76.625  262.536    0   0   0
 79.625  262.620    0   0   0
 79.625  262.703    0   0   0
 78.125  262.786  195   0 195
 75.708  262.870    0   0   0
 79.625  262.953    0   0   0
 80.041  263.036    0   0   0
 80.041  263.120    0   0   0
 80.041  263.203    0   0   0
 80.291  263.286    0   0   0
 79.708  263.370    0   0   0
 77.541  263.620    0   0 195
 75.708  263.703  195   0 195
 77.791  263.870  195   0 195
 77.791  263.953  195   0 195
 75.958  264.036    0   0   0
 75.625  264.120  195   0   0
 75.625  264.203  195   0   0
 77.875  264.286  195   0 195
 77.875  264.370  195   0 195
 80.958  264.453  195   0   0
 80.958  264.536  195   0   0
 81.041  264.620  195   0   0
 81.041  264.703  195   0   0
 76.041  264.786    0   0   0
 77.875  264.870  195   0 195
 78.291  265.203    0   0 195
 76.041  265.370  195   0   0
 81.291  265.453    0   0   0
 81.291  265.537  195   0   0
 69.208  265.620    0   0   0
 75.708  265.703  195   0 195
 75.625  265.787  195   0   0
 76.958  265.870  195   0   0
 71.874  266.037  195   0   0
 75.291  266.620    0   0   0
 75.208  266.703    0   0   0
 69.208  266.870  195   0   0
 78.541  267.037  195   0 195
 57.124  267.537  195   0 195
 57.124  267.620  195   0   0
 76.708  267.954  195   0   0
 81.791  268.037    0   0   0
 81.791  268.120    0   0   0
 81.791  268.204  195   0   0
 81.791  268.287  195   0   0
 81.791  268.370  195   0   0
 81.791  268.454  195   0   0
 77.208  268.537    0   0   0
 77.208  268.620    0   0   0
 76.625  269.287  195   0   0
 76.625  269.370  195   0 195
 76.625  269.454  195   0 195
 47.624  269.537    0   0 195
 47.624  269.620    0   0 195
 69.624  269.704  195   0   0
 47.708  269.787    0   0 195
 71.541  269.870    0   0   0
 47.791  270.037    0   0 195
 47.791  270.120    0   0 195
 69.041  270.204  195   0   0
 72.791  270.287    0   0   0
 76.791  270.371    0   0   0
 78.291  270.454  195   0 195
 78.291  270.537  195   0 195
 65.708  270.621    0   0   0
 65.708  270.787    0   0 195
 75.625  270.871  195   0 195
 75.625  270.954    0   0   0
 80.458  271.037    0   0   0
 80.458  271.121    0   0   0
 80.375  271.204    0   0   0
 80.375  271.287  195   0   0
 82.125  271.454  195   0   0
 78.291  271.537    0   0   0
 77.708  271.621    0   0   0
 77.708  271.704    0   0   0
 74.125  271.787    0   0   0
 78.875  271.871    0   0 195
 78.875  271.954    0   0   0
 82.125  272.287  195   0   0
 80.375  272.454  195   0   0
 82.125  272.537  195   0   0
 82.125  272.621  195   0   0
 82.125  272.704  195   0   0
 82.125  272.787  195   0   0
 82.208  272.871    0   0   0
 82.208  272.954    0   0   0
 82.208  273.038    0   0   0
 80.041  273.121    0   0   0
 80.041  273.204    0   0   0
 80.041  273.288    0   0   0
 80.041  273.371    0   0 195
 48.041  273.454    0   0   0
 70.124  273.538  195   0 195
 68.291  273.621  195   0   0
 75.458  273.704  195   0   0
 68.124  273.788    0   0   0
 81.125  273.871  195   0 195
 81.125  273.954  195   0 195
 81.125  274.038  195   0 195
 47.541  274.121    0   0   0
 66.124  274.204    0   0   0
 73.041  274.288    0   0   0
 73.041  274.371  195   0   0
 47.708  274.454    0   0   0
 79.125  274.538  195   0 195
 79.541  274.621  195   0   0
 79.541  274.704  195   0 195
 79.125  274.788  195   0 195
 47.458  274.871    0   0   0
 47.374  274.954    0   0   0
 47.374  275.038    0   0 195
 69.958  275.204  195   0 195
 69.958  275.288  195   0 195
 79.375  275.371    0   0 195
 79.208  275.454  195   0   0
 79.208  275.538  195   0 195
 69.874  275.871  195   0 195
 74.458  275.955    0   0 195
 69.874  276.038  195   0 195
 69.874  276.121  195   0 195
 69.874  276.205  195   0 195
 74.125  276.288    0   0   0
 74.125  276.371    0   0   0
 74.125  276.455    0   0   0
 74.125  276.538    0   0   0
 80.208  276.621  195   0   0
 80.208  276.705  195   0   0
 80.208  276.788  195   0 195
 80.208  276.871  195   0 195
 80.208  276.955    0   0 195
 80.208  277.038    0   0 195
 74.208  277.121    0   0   0
 80.125  277.205  195   0 195
 74.208  277.288    0   0   0
 74.208  277.371    0   0   0
 74.208  277.455    0   0   0
 74.208  277.538    0   0   0
 74.208  277.621    0   0   0
 63.041  277.705  195   0   0
 80.458  277.788  195   0 195
 69.541  277.871  195   0 195
 69.541  277.955  195   0 195
 79.875  278.038  195   0 195
 79.875  278.121    0   0 195
 79.875  278.205    0   0 195
 64.374  278.371    0   0   0
 68.958  278.538  195   0 195
 69.458  278.622    0   0   0
 74.291  278.788    0   0   0
 74.291  278.872    0   0   0
 75.791  278.955    0   0   0
 76.375  279.038  195   0 195
 74.291  279.122    0   0   0
 74.291  279.205    0   0   0
 74.291  279.288    0   0   0
 74.291  279.372    0   0   0
 74.291  279.455    0   0   0
 74.291  279.538    0   0   0
 51.458  279.622  195   0   0
 72.541  279.705    0   0   0
 72.541  279.788    0   0   0
 80.708  279.955    0   0 195
 80.708  280.038  195   0 195
 80.708  280.122  195   0 195
 80.708  280.205  195   0 195
 80.708  280.288  195   0 195
 74.291  280.372    0   0   0
 74.291  280.455    0   0   0
 76.041  280.538  195   0   0
 74.291  280.622    0   0   0
 74.291  280.705    0   0   0
 74.291  280.788    0   0   0
 74.291  280.872    0   0   0
 74.291  280.955    0   0   0
 74.291  281.038    0   0   0
 74.291  281.122    0   0   0
 76.458  281.205    0   0 195
 76.458  281.289    0   0 195
 75.125  281.372    0   0   0
 75.125  281.455    0   0   0
 75.125  281.539    0   0   0
 75.125  281.622    0   0   0
 75.125  281.705    0   0   0
 75.041  281.789    0   0   0
 75.041  281.872    0   0   0
 75.041  281.955    0   0   0
 75.041  282.039    0   0   0
 75.041  282.122    0   0   0
 75.041  282.205    0   0   0
 75.041  282.289    0   0   0
 75.291  282.372    0   0   0
 75.791  282.455    0   0   0
 75.791  282.539    0   0   0
 75.791  282.622    0   0   0
 75.791  282.705    0   0   0
 75.791  282.789    0   0   0
 75.791  282.872    0   0   0
 75.875  282.955    0   0   0
 75.875  283.039    0   0   0
 75.875  283.122    0   0   0
 75.875  283.205    0   0   0
 75.875  283.289    0   0   0
 75.875  283.372    0   0   0
 75.875  283.455    0   0   0
 75.958  283.539    0   0   0
 75.958  283.622    0   0   0
 75.958  283.705    0   0   0
 75.958  283.789    0   0   0
 75.958  283.872    0   0   0
 75.958  283.956    0   0   0
 75.958  284.039    0   0   0
 75.958  284.122    0   0   0
 76.708  284.206    0   0   0
 76.958  284.289    0   0   0
 77.041  284.372    0   0   0
 77.041  284.456    0   0   0
 78.125  284.539    0   0 195
 78.125  284.622    0   0 195
 77.291  284.706    0   0   0
 77.291  284.789    0   0   0
 77.291  284.872    0   0   0
 77.791  284.956    0   0   0
 77.791  285.039    0   0   0
 77.791  285.122    0   0   0
 77.791  285.206    0   0   0
 77.791  285.289    0   0   0
 77.791  285.372    0   0   0
 77.791  285.456    0   0   0
 77.791  285.539    0   0   0
 77.791  285.622    0   0   0
 77.791  285.706    0   0   0
 77.791  285.789    0   0   0
 77.791  285.872    0   0   0
 77.791  285.956    0   0   0
 77.791  286.039    0   0   0
 77.791  286.122    0   0   0
 77.791  286.206    0   0   0
 77.791  286.289    0   0   0
 77.791  286.372    0   0   0
 77.791  286.456    0   0   0
 77.791  286.539    0   0   0
 77.791  286.622    0   0   0
 77.625  286.706    0   0   0
 77.541  286.789    0   0   0
 79.708  286.873  195   0 195
 79.708  286.956    0   0 195
 77.541  287.039    0   0   0
 77.541  287.123    0   0   0
 74.958  287.206    0   0   0
 79.625  287.289    0   0 195
 79.625  287.373    0   0 195
 74.791  287.456    0   0   0
 74.791  287.539    0   0   0
 81.708  287.623  195   0 195
 77.291  287.706    0   0 195
 74.791  287.789    0   0   0
 74.791  287.873    0   0   0
 74.791  287.956    0   0   0
 74.541  288.039    0   0   0
 74.541  288.123    0   0   0
 73.791  288.206    0   0   0
 77.458  288.289  195   0   0
 77.458  288.373  195   0   0
 77.458  288.456  195   0   0
 77.458  288.539  195   0   0
 77.458  288.623  195   0   0
 77.458  288.706  195   0   0
 81.791  288.873  195   0 195
 64.791  289.373  195   0 195
 77.541  289.540  195   0   0
 70.874  289.623  195   0   0
 70.874  289.706  195   0   0
 70.874  289.790  195   0   0
 76.541  289.873  195   0   0
 78.875  290.123  195   0   0
 78.875  290.206  195   0   0
 70.791  290.290  195   0   0
 59.458  290.456  195   0   0
 59.458  290.540  195   0   0
 76.625  290.623    0   0 195
 76.625  290.706    0   0 195
 59.291  290.873    0   0   0
 76.625  291.040  195   0 195
 77.375  291.123  195   0 195
 77.541  291.540    0   0 195
 70.374  291.790  195   0   0
 70.374  291.956  195   0   0
 69.124  292.207  195   0 195
 80.291  292.373    0   0   0
 80.375  292.457    0   0   0
 58.374  292.623  195   0   0
 80.041  292.707    0   0 195
 80.041  292.790    0   0 195
 77.541  292.873    0   0 195
 77.541  292.957    0   0 195
 77.625  293.040    0   0 195
 69.291  293.457    0   0   0
 65.041  293.540  195   0   0
 80.041  293.623    0   0 195
 79.208  293.707  195   0   0
 82.958  293.790    0   0   0
 82.958  293.873    0   0   0
 82.958  293.957    0   0   0
 82.958  294.040    0   0   0
 82.958  294.123  195   0   0
 82.958  294.207  195   0   0
 82.958  294.290  195   0   0
 82.958  294.373  195   0   0
 82.958  294.457  195   0   0
 82.958  294.540  195   0   0
 82.875  294.623  195   0   0
 81.625  294.707  195   0 195
 81.625  294.790  195   0 195
 81.625  294.874  195   0 195
 81.625  294.957  195   0 195
 81.625  295.040  195   0 195
 81.625  295.124  195   0 195
 61.874  295.207  195   0   0
 81.458  295.624    0   0   0
 82.875  295.707  195   0   0
 82.875  295.790  195   0   0
 82.875  295.874  195   0   0
 67.708  295.957  195   0   0
 81.208  296.124  195   0   0
 81.208  296.207  195   0   0
 82.875  296.290  195   0   0
 82.875  296.540  195   0   0
 82.875  296.624    0   0   0
 82.875  296.707    0   0   0
 82.875  296.790    0   0   0
 82.875  296.874    0   0   0
 67.208  297.124  195   0   0
 58.708  297.207    0   0   0
 81.875  297.457    0   0 195
 81.875  297.540    0   0 195
 81.875  297.624    0   0 195
 81.875  297.707    0   0   0
 81.875  297.791    0   0   0
 81.875  297.874    0   0   0
 82.541  297.957  195   0   0
 82.541  298.041  195   0   0
 81.875  298.124  195   0   0
 81.875  298.207  195   0   0
 81.875  298.291  195   0   0
 57.708  298.374    0   0 195
 66.874  298.457  195   0   0
 66.374  298.624    0   0   0
 62.041  298.707    0   0   0
 62.041  298.791    0   0   0
 62.124  298.874    0   0   0
 82.208  298.957    0   0   0
 82.208  299.041    0   0   0
 82.208  299.124    0   0   0
 62.374  299.207    0   0   0
 62.374  299.291    0   0   0
 62.374  299.374    0   0   0
 81.958  299.457  195   0   0
 81.958  299.541  195   0   0
 81.958  299.624  195   0   0
 62.374  299.707    0   0   0
 60.874  299.791    0   0   0
 60.874  299.874    0   0   0
 60.874  299.957    0   0   0
 60.874  300.041    0   0   0
 60.874  300.124    0   0   0
 59.708  300.207    0   0   0
 59.708  300.291    0   0   0
 59.708  300.374    0   0   0
 60.624  300.458    0   0   0
 60.708  300.541    0   0   0
 60.791  300.624    0   0   0
 60.708  300.708    0   0   0
 61.708  300.791    0   0   0
 61.708  300.874    0   0   0
 61.708  300.958    0   0   0
 61.708  301.041    0   0   0
 62.708  301.124    0   0   0
 64.208  301.208    0   0   0
 64.208  301.291    0   0   0
 75.291  301.374    0   0 195
 64.291  301.458    0   0   0
 64.291  301.541    0   0   0
 62.041  301.624    0   0   0
 62.124  301.708    0   0   0
 62.124  301.791    0   0   0
 62.124  301.874    0   0   0
 62.458  301.958    0   0   0
 82.208  302.041  195   0   0
 62.624  302.124    0   0   0
 74.875  302.208    0   0   0
 74.875  302.291    0   0   0
 74.875  302.374    0   0   0
 71.208  302.458    0   0   0
 71.208  302.541    0   0   0
 71.208  302.624    0   0   0
 71.208  302.708    0   0   0
 71.208  302.791    0   0   0
 71.291  302.874    0   0   0
 71.374  302.958    0   0   0
 73.875  303.041    0   0   0
 71.458  303.125    0   0   0
 72.791  303.208    0   0   0
 82.291  303.291  195   0   0
 82.291  303.375  195   0   0
 82.291  303.458  195   0   0
 82.291  303.541  195   0   0
 73.041  303.625  195   0 195
 71.208  303.708    0   0   0
 71.208  303.791    0   0   0
 71.208  303.875    0   0   0
 70.958  303.958    0   0   0
 71.874  304.041    0   0   0
 71.874  304.125    0   0   0
 72.291  304.208  195   0   0
 71.124  304.291    0   0   0
 71.124  304.375    0   0   0
 71.124  304.458    0   0   0
 82.375  304.541  195   0   0
 71.124  304.625    0   0   0
 71.041  304.708    0   0   0
 71.041  304.791    0   0   0
 71.124  304.875    0   0   0
 68.791  304.958    0   0   0
 68.874  305.041    0   0   0
 69.208  305.125    0   0   0
 69.208  305.208    0   0   0
 82.291  305.291  195   0   0
 82.291  305.375  195   0   0
 82.291  305.458    0   0   0
 82.291  305.541    0   0   0
 82.291  305.625    0   0   0
 82.291  305.708    0   0   0
 82.291  305.792  195   0   0
 70.374  305.875  195   0 195
 69.208  305.958    0   0 195
 69.208  306.042    0   0 195
 67.708  306.125    0   0 195
 65.458  306.208    0   0   0
 65.458  306.292    0   0   0
 65.458  306.375    0   0   0
 71.541  306.458    0   0   0
 65.291  306.542    0   0   0
 65.124  306.625    0   0   0
 65.124  306.708    0   0   0
 65.124  306.792    0   0   0
 64.958  306.875    0   0   0
 64.958  306.958    0   0   0
 64.791  307.042    0   0   0
 64.791  307.125    0   0   0
 63.958  307.208    0   0   0
 63.958  307.292    0   0   0
 63.791  307.375    0   0   0
 63.791  307.458    0   0   0
 82.291  307.542  195   0   0
 82.375  307.625    0   0   0
 82.375  307.708    0   0   0
 82.375  307.792    0   0   0
 82.375  307.875    0   0   0
 82.458  307.958    0   0   0
 82.458  308.042    0   0   0
 82.458  308.125    0   0   0
 63.458  308.208    0   0   0
 82.208  308.292    0   0   0
 82.208  308.375    0   0   0
 82.208  308.458    0   0   0
 82.041  308.625  195   0   0
 82.041  308.709  195   0 195
 82.041  308.792  195   0 195
 82.041  308.875    0   0 195
 82.041  308.959    0   0 195
 82.041  309.042    0   0 195
 81.958  309.375  195   0 195
 81.958  309.459  195   0 195
 82.541  309.959  195   0   0
 82.541  310.042  195   0   0
 82.541  310.125  195   0   0
 61.208  310.209    0   0   0
 61.208  310.292    0   0   0
 61.208  310.375    0   0   0
 82.458  310.459  195   0 195
 82.458  310.542  195   0 195
 82.791  310.625    0   0   0
 82.791  310.709    0   0   0
 82.791  310.792    0   0 195
 60.874  310.875    0   0   0
 60.874  310.959    0   0   0
 60.874  311.042    0   0   0
 60.541  311.125    0   0   0
 60.541  311.209    0   0   0
 82.458  311.292    0   0   0
 82.458  311.376    0   0   0
 82.458  311.459    0   0   0
 82.541  311.542    0   0 195
 82.541  311.626    0   0 195
 82.541  311.709    0   0 195
 60.374  311.792    0   0   0
 60.291  311.876    0   0   0
 82.791  311.959    0   0   0
 60.291  312.042    0   0   0
 60.291  312.126    0   0   0
 82.375  312.209    0   0 195
 82.291  312.292    0   0 195
 82.291  312.376    0   0 195
 82.291  312.459    0   0 195
 82.291  312.542    0   0 195
 60.374  312.626    0   0   0
 60.374  312.709    0   0   0
 60.291  312.792    0   0   0
 60.291  312.876    0   0   0
 60.291  312.959    0   0   0
 60.208  313.042    0   0   0
 60.291  313.126    0   0   0
 60.291  313.209    0   0   0
 83.125  313.292  195   0   0
 83.125  313.376  195   0   0
 83.125  313.459  195   0   0
 60.041  313.542    0   0   0
 60.041  313.626    0   0   0
 60.041  313.709    0   0   0
 60.041  313.792    0   0   0
 60.041  313.876    0   0   0
 60.124  313.959    0   0   0
 60.124  314.043    0   0   0
 60.041  314.126    0   0   0
 60.041  314.209    0   0   0
 60.041  314.293    0   0   0
 60.041  314.376    0   0   0
 59.958  314.459    0   0   0
 60.041  314.543    0   0   0
 59.958  314.626    0   0   0
 60.041  314.709  195   0 195
 59.874  314.793    0   0 195
 59.791  314.876    0   0 195
 59.708  314.959    0   0   0
 59.791  315.043    0   0 195
 82.375  315.126  195   0 195
 59.374  315.209    0   0   0
 59.458  315.293    0   0   0
 59.458  315.376    0   0   0
 59.458  315.459    0   0   0
 59.458  315.543    0   0   0
 59.458  315.626    0   0   0
 59.458  315.709    0   0   0
 59.458  315.793    0   0   0
 59.458  315.876    0   0   0
 59.374  315.959    0   0   0
 59.458  316.043    0   0   0
 59.458  316.126    0   0   0
 59.458  316.209    0   0   0
 59.458  316.293    0   0   0
 59.458  316.376    0   0   0
 59.458  316.459    0   0   0
 59.458  316.543    0   0   0
 59.458  316.626    0   0   0
 59.458  316.710    0   0   0
 59.541  316.793    0   0   0
 59.541  316.876    0   0   0
 60.291  316.960  195   0   0
 83.291  317.043  195   0   0
 83.291  317.126  195   0   0
 59.624  317.210    0   0   0
 59.624  317.293    0   0   0
 59.624  317.376    0   0   0
 59.708  317.460    0   0   0
 83.375  317.543  195   0   0
 83.375  317.626  195   0   0
 59.791  317.710    0   0   0
 59.958  317.793    0   0   0
 83.291  317.876  195   0 195
 83.291  317.960  195   0   0
 83.291  318.043  195   0   0
 83.291  318.126    0   0   0
 60.458  318.210    0   0   0
 60.541  318.293    0   0   0
 60.708  318.376    0   0   0
 60.958  318.460    0   0   0
 61.124  318.543    0   0   0
 61.291  318.626    0   0   0
 61.708  318.710    0   0   0
 83.375  318.793  195   0   0
 83.375  318.876  195   0   0
 83.375  318.960  195   0   0
 61.874  319.043    0   0   0
 63.291  319.126    0   0 195
 83.375  319.210  195   0   0
 83.458  319.293  195   0   0
 83.458  319.376  195   0   0
 83.458  319.460  195   0   0
 83.458  319.543  195   0   0
 83.458  319.627  195   0   0
 83.458  319.710  195   0   0
 83.458  319.793    0   0   0
 63.124  319.877    0   0   0
 63.208  319.960    0   0   0
 63.291  320.043    0   0   0
 63.291  320.127    0   0   0
 63.374  320.210    0   0   0
 63.458  320.293    0   0   0
 63.541  320.377    0   0   0
 63.541  320.460    0   0   0
 63.624  320.543    0   0   0
 63.624  320.627    0   0   0
 63.708  320.710    0   0   0
 63.708  320.793    0   0   0
 63.708  320.877    0   0   0
 63.791  320.960    0   0   0
 63.791  321.043    0   0   0
 63.874  321.127    0   0   0
 63.958  321.210    0   0   0
 63.958  321.293    0   0   0
 63.958  321.377    0   0   0
 64.041  321.460    0   0   0
 64.041  321.543    0   0   0
 64.124  321.627    0   0   0
 64.124  321.710    0   0   0
 64.291  321.793    0   0   0
 64.291  321.877    0   0   0
 64.291  321.960    0   0   0
 64.374  322.043    0   0   0
 64.374  322.127    0   0   0
 64.458  322.210    0   0   0
 64.458  322.294    0   0   0
 64.541  322.377    0   0   0
 64.541  322.460    0   0   0
 64.624  322.544    0   0   0
 64.624  322.627    0   0   0
 64.624  322.710    0   0   0
 64.708  322.794    0   0   0
 64.708  322.877    0   0   0
 64.708  322.960    0   0   0
 64.708  323.044    0   0   0
 64.708  323.127    0   0   0
 64.791  323.210    0   0   0
 64.791  323.294    0   0   0
 64.791  323.377    0   0   0
 64.791  323.460    0   0   0
 64.874  323.544    0   0   0
 64.874  323.627    0   0   0
 64.958  323.710    0   0   0
 64.958  323.794    0   0   0
 65.041  323.877    0   0   0
 65.791  323.960    0   0 195
 65.041  324.044    0   0   0
 65.041  324.127    0   0   0
 65.041  324.210    0   0   0
 64.958  324.294    0   0   0
 64.958  324.377    0   0   0
 64.874  324.460    0   0   0
 66.041  324.544    0   0   0
 64.874  324.627    0   0   0
 64.874  324.710    0   0   0
 64.958  324.794    0   0   0
 64.958  324.877    0   0   0
 64.958  324.961    0   0   0
 65.041  325.044    0   0   0
 65.041  325.127    0   0   0
 65.124  325.211    0   0   0
 65.041  325.294    0   0   0
 66.374  325.377    0   0 195
 65.041  325.461    0   0   0
 65.041  325.544    0   0   0
 65.374  325.627    0   0   0
 65.374  325.711    0   0   0
 65.374  325.794    0   0   0
 65.291  325.877    0   0   0
 65.291  325.961    0   0   0
 65.458  326.044    0   0   0
 65.458  326.127    0   0   0
 66.874  326.211    0   0 195
 65.541  326.294    0   0   0
 65.541  326.377    0   0   0
 65.624  326.461    0   0   0
 65.624  326.544    0   0   0
 65.624  326.627    0   0   0
 65.624  326.711    0   0   0
 65.374  326.794    0   0   0
 67.291  326.877    0   0   0
 65.374  326.961    0   0   0
 65.374  327.044    0   0   0
 81.875  327.127  195   0 195
 65.374  327.211    0   0   0
 65.458  327.294    0   0   0
 65.458  327.377    0   0   0
 65.458  327.461    0   0   0
 65.458  327.544    0   0   0
 65.458  327.628    0   0   0
 65.458  327.711    0   0   0
 65.458  327.794    0   0   0
 81.958  327.878  195   0 195
 81.958  327.961  195   0 195
 81.958  328.044  195   0 195
 81.958  328.128  195   0 195
 81.958  328.211  195   0 195
 81.958  328.294  195   0 195
 81.958  328.378  195   0 195
 81.958  328.461  195   0 195
 65.958  328.544    0   0   0
 82.041  328.628    0   0 195
 82.041  328.711  195   0 195
 82.041  328.794  195   0 195
 82.041  328.878  195   0 195
 82.041  328.961  195   0 195
 82.041  329.044  195   0 195
 82.041  329.128    0   0 195
 66.624  329.211    0   0   0
 66.624  329.294    0   0   0
 66.708  329.378    0   0   0
 66.874  329.461    0   0   0
 66.958  329.544    0   0   0
 66.958  329.628    0   0   0
 67.041  329.711    0   0   0
 67.124  329.794    0   0   0
 67.124  329.878    0   0   0
 67.208  329.961    0   0   0
 68.374  330.044  195   0 195
 67.291  330.128    0   0   0
 82.125  330.211    0   0 195
 82.125  330.294    0   0 195
 82.125  330.378  195   0 195
 82.125  330.461  195   0 195
 82.125  330.545  195   0 195
 82.125  330.628  195   0 195
 82.125  330.711  195   0 195
 82.125  330.795  195   0 195
 82.125  330.878  195   0 195
 82.125  330.961  195   0 195
 82.125  331.045  195   0 195
 82.125  331.128  195   0 195
 82.125  331.211  195   0 195
 82.125  331.295  195   0 195
 82.125  331.378  195   0 195
 82.125  331.461  195   0 195
 82.125  331.545  195   0 195
 82.125  331.628  195   0 195
 82.125  331.711  195   0 195
 82.125  331.795  195   0 195
 66.874  331.878    0   0   0
 66.874  331.961    0   0   0
 82.125  332.045  195   0 195
 66.874  332.128    0   0   0
 66.791  332.211    0   0   0
 66.791  332.295    0   0   0
 66.708  332.378    0   0   0
 66.791  332.461    0   0   0
 66.791  332.545    0   0   0
 81.541  332.628  195   0 195
 66.791  332.711    0   0   0
 66.874  332.795    0   0   0
 66.874  332.878    0   0   0
 66.791  332.961    0   0   0
 66.791  333.045    0   0   0
 82.041  333.128  195   0 195
 82.041  333.212  195   0 195
 83.208  333.295  195   0 195
 83.208  333.378  195   0 195
 83.208  333.462  195   0   0
 83.208  333.545  195   0   0
 83.208  333.628  195   0   0
 66.958  333.712    0   0   0
 66.958  333.795    0   0   0
 66.874  333.878    0   0   0
 66.874  333.962    0   0   0
 81.875  334.045    0   0   0
 81.875  334.128    0   0   0
 81.875  334.212    0   0   0
 81.875  334.295    0   0   0
 81.875  334.378    0   0   0
 81.875  334.462    0   0   0
 81.875  334.545    0   0   0
 81.875  334.628    0   0   0
 81.875  334.712  195   0   0
 81.958  334.795    0   0   0
 81.958  334.878    0   0   0
 82.958  334.962  195   0   0
 82.958  335.045  195   0   0
 82.958  335.128  195   0   0
 82.958  335.212  195   0   0
 72.958  335.295    0   0 195
 82.875  335.378  195   0   0
 72.708  335.462    0   0 195
 72.624  335.545    0   0 195
 67.624  335.628    0   0   0
 73.708  335.712    0   0 195
 73.708  335.795    0   0 195
 67.874  335.879    0   0   0
 73.541  335.962    0   0 195
 73.458  336.045  195   0 195
 73.458  336.129  195   0 195
 73.458  336.212  195   0 195
 67.958  336.295    0   0   0
 73.374  336.379  195   0 195
 81.041  336.462    0   0 195
 81.041  336.545  195   0 195
 81.041  336.629  195   0 195
 81.041  336.712  195   0   0
 72.208  336.795  195   0 195
 81.208  336.879    0   0 195
 73.291  336.962  195   0 195
 68.291  337.045    0   0   0
 82.791  337.129  195   0   0
 82.791  337.212  195   0   0
 82.791  337.295  195   0   0
 81.291  337.379  195   0   0
 81.458  337.462    0   0 195
 81.458  337.545    0   0   0
 81.458  337.629    0   0   0
 81.458  337.712    0   0   0
 81.458  337.795    0   0   0
 81.458  337.879    0   0   0
 81.458  337.962    0   0   0
 81.458  338.045    0   0   0
 81.541  338.129    0   0   0
 81.541  338.212  195   0   0
 81.541  338.295  195   0   0
 82.125  338.379    0   0   0
 82.125  338.462    0   0   0
 82.125  338.546    0   0   0
 82.125  338.629    0   0   0
 78.125  338.712  195   0 195
 78.291  338.796    0   0 195
 78.291  338.879    0   0   0
 78.375  338.962    0   0   0
 78.375  339.046    0   0   0
 78.375  339.129    0   0   0
 68.624  339.212    0   0   0
 81.791  339.296  195   0   0
 81.791  339.379  195   0 195
 68.708  339.462    0   0   0
 68.708  339.546    0   0   0
 78.291  339.629  195   0   0
 78.291  339.712    0   0   0
 78.291  339.796    0   0   0
 80.125  339.879    0   0 195
 78.291  339.962    0   0   0
 81.958  340.046    0   0   0
 81.875  340.129    0   0   0
 81.875  340.212    0   0   0
 81.875  340.296    0   0   0
 81.875  340.379    0   0   0
 74.708  340.462  195   0   0
 77.375  340.546  195   0   0
 77.375  340.629  195   0   0
 75.625  340.712    0   0   0
 79.708  340.796    0   0 195
 79.708  340.879    0   0 195
 79.208  340.962    0   0 195
 81.625  341.046  195   0 195
 79.125  341.129    0   0   0
 79.125  341.212    0   0   0
 79.125  341.296    0   0   0
 79.125  341.379    0   0   0
 79.208  341.463    0   0   0
 79.208  341.546    0   0   0
 81.625  341.629  195   0   0
 81.708  341.713    0   0   0
 81.708  341.796    0   0   0
 81.708  341.879  195   0   0
 79.208  341.963  195   0   0
 80.708  342.046    0   0 195
 80.708  342.129    0   0 195
 80.708  342.213  195   0 195
 75.375  342.296    0   0   0
 71.124  342.379    0   0   0
 79.208  342.463    0   0   0
 77.875  342.546    0   0   0
 71.208  342.629    0   0   0
 71.208  342.713    0   0   0
 71.208  342.796    0   0   0
 70.041  342.879    0   0   0
 70.208  342.963    0   0   0
 70.624  343.046    0   0   0
 70.791  343.129    0   0   0
 70.791  343.213    0   0   0
 70.791  343.296    0   0   0
 71.708  343.379    0   0   0
 71.708  343.463    0   0   0
 71.874  343.546    0   0   0
 80.375  343.629    0   0 195
 80.375  343.713    0   0 195
 71.874  343.796    0   0   0
 71.874  343.879    0   0   0
 80.541  343.963    0   0   0
 80.541  344.046    0   0   0
 71.958  344.130    0   0   0
 80.708  344.213    0   0   0
 80.708  344.296    0   0   0
 80.708  344.380    0   0   0
 72.041  344.463    0   0   0
 71.958  344.546    0   0   0
 71.791  344.630    0   0   0
 71.791  344.713    0   0   0
 71.791  344.796    0   0   0
 71.791  344.880    0   0   0
 71.791  344.963    0   0   0
 71.791  345.046    0   0   0
 71.874  345.130    0   0   0
 71.874  345.213    0   0   0
 71.874  345.296    0   0   0
 71.874  345.380    0   0   0
 71.874  345.463    0   0   0
 71.874  345.546    0   0   0
 71.874  345.630    0   0   0
 71.958  345.713    0   0   0
 71.958  345.796    0   0   0
 71.874  345.880    0   0   0
 71.874  345.963    0   0   0
 71.874  346.046    0   0   0
 72.374  346.130    0   0   0
 72.374  346.213    0   0   0
 72.374  346.296    0   0   0
 72.374  346.380    0   0   0
 72.374  346.463    0   0   0
 72.458  346.546    0   0   0
 72.458  346.630    0   0   0
 72.458  346.713    0   0   0
 72.458  346.797    0   0   0
 71.958  346.880    0   0   0
 72.124  346.963    0   0   0
 72.124  347.047    0   0   0
 72.124  347.130    0   0   0
 72.291  347.213    0   0   0
 72.291  347.297    0   0   0
 72.291  347.380    0   0   0
 72.374  347.463    0   0   0
 72.458  347.547    0   0   0
 72.458  347.630    0   0   0
 72.458  347.713    0   0   0
 72.458  347.797    0   0   0
 72.458  347.880    0   0   0
 72.458  347.963    0   0   0
 72.458  348.047    0   0   0
 72.458  348.130    0   0   0
 72.541  348.213    0   0   0
 72.541  348.297    0   0   0
 72.541  348.380    0   0   0
 72.541  348.463    0   0   0
 72.541  348.547    0   0   0
 72.541  348.630    0   0   0
 72.541  348.713    0   0   0
 72.541  348.797    0   0   0
 72.541  348.880    0   0   0
 72.624  348.963    0   0   0
 72.624  349.047    0   0   0
 72.624  349.130    0   0   0
 72.624  349.213    0   0   0
 72.791  349.297    0   0   0
 72.874  349.380    0   0   0
 72.874  349.464    0   0   0
 74.458  349.547    0   0   0
 74.458  349.630    0   0   0
 74.541  349.714    0   0   0
 74.541  349.797    0   0   0
 74.625  349.880    0   0   0
 74.625  349.964    0   0   0
 74.625  350.047    0   0   0
 74.625  350.130    0   0   0
 74.625  350.214    0   0   0
 74.625  350.297    0   0   0
 74.625  350.380    0   0   0
 74.625  350.464    0   0   0
 74.625  350.547    0   0   0
 74.708  350.630    0   0   0
 74.708  350.714    0   0   0
 74.708  350.797    0   0   0
 74.875  350.880    0   0   0
 74.875  350.964    0   0   0
 74.875  351.047    0   0   0
 74.875  351.130    0   0   0
 74.875  351.214    0   0   0
 74.875  351.297    0   0   0
 74.875  351.380    0   0   0
 74.875  351.464    0   0   0
 74.875  351.547    0   0   0
 75.125  351.630    0   0   0
 75.208  351.714    0   0   0
 75.208  351.797    0   0   0
 75.208  351.880    0   0   0
 75.208  351.964    0   0   0
 75.208  352.047    0   0   0
 75.208  352.130    0   0   0
 75.208  352.214    0   0   0
 75.208  352.297    0   0   0
 75.208  352.381    0   0   0
 75.208  352.464    0   0   0
 75.375  352.547    0   0   0
 75.375  352.631    0   0   0
 75.375  352.714    0   0   0
 75.375  352.797    0   0   0
 75.375  352.881    0   0   0
 75.458  352.964    0   0   0
 75.458  353.047    0   0   0
 75.458  353.131    0   0   0
 75.458  353.214    0   0   0
 75.458  353.297    0   0   0
 75.541  353.381    0   0   0
 75.541  353.464    0   0   0
 75.541  353.547    0   0   0
 75.541  353.631    0   0   0
 75.541  353.714    0   0   0
 75.541  353.797    0   0   0
 75.541  353.881    0   0   0
 75.458  353.964    0   0   0
 75.458  354.047    0   0   0
 75.458  354.131    0   0   0
 75.625  354.214    0   0   0
 75.625  354.297    0   0   0
 75.625  354.381    0   0   0
 75.625  354.464    0   0   0
 75.708  354.547    0   0   0
 75.708  354.631    0   0   0
 75.708  354.714    0   0   0
 75.708  354.797    0   0   0
 75.708  354.881    0   0   0
 75.708  354.964    0   0   0
 75.708  355.048    0   0   0
 75.708  355.131    0   0   0
 75.708  355.214    0   0   0
 75.708  355.298    0   0   0
 75.708  355.381    0   0   0
 75.708  355.464    0   0   0
 75.708  355.548    0   0   0
 75.958  355.631    0   0   0
 75.958  355.714    0   0   0
 75.958  355.798    0   0   0
 75.958  355.881    0   0   0
 75.958  355.964    0   0   0
 75.958  356.048    0   0   0
 75.958  356.131    0   0   0
 75.958  356.214    0   0   0
 75.958  356.298    0   0   0
 75.958  356.381    0   0   0
 75.958  356.464    0   0   0
 75.958  356.548    0   0   0
 75.958  356.631    0   0   0
 76.125  356.714    0   0   0
 76.125  356.798    0   0   0
 76.125  356.881    0   0   0
 76.125  356.964    0   0   0
 76.125  357.048    0   0   0
 76.125  357.131    0   0   0
 76.125  357.214    0   0   0
 76.125  357.298    0   0   0
 76.125  357.381    0   0   0
 76.125  357.464    0   0   0
 76.208  357.548    0   0   0
 76.208  357.631    0   0   0
 76.208  357.715    0   0   0
 76.208  357.798    0   0   0
 76.208  357.881    0   0   0
 76.291  357.965    0   0   0
 76.291  358.048    0   0   0
 76.458  358.131    0   0   0
 76.458  358.215    0   0   0
 76.458  358.298    0   0   0
 76.458  358.381    0   0   0
 76.458  358.465    0   0   0
 76.625  358.548    0   0   0
 76.625  358.631    0   0   0
 76.625  358.715    0   0   0
 76.625  358.798    0   0   0
 76.625  358.881    0   0   0
 76.625  358.965    0   0   0
 78.125  359.048    0   0   0
 78.125  359.131    0   0   0
 78.125  359.215    0   0   0
 78.125  359.298    0   0   0
 78.125  359.381    0   0   0
 78.125  359.465    0   0   0
 78.125  359.548    0   0   0
 78.125  359.631    0   0   0
 78.125  359.715    0   0   0
 78.125  359.798    0   0   0
 78.125  359.881    0   0   0
